2025_04_08_1613	19	7.65	19.0
2025_04_08_1613	39	6.4	13.0
2025_04_08_1613	59	6.3	12.0
2025_04_08_1613	79	6.85	18.0
2025_04_08_1613	99	6.45	13.0
2025_04_08_1613	119	7.75	15.0
2025_04_08_1614	139	7.3	14.0
2025_04_08_1614	159	7.45	18.0
2025_04_08_1615	179	8.1	22.0
2025_04_08_1615	199	7.0	14.0
2025_04_08_1615	219	9.2	15.0
2025_04_08_1616	239	7.15	16.0
2025_04_08_1616	259	7.7	18.0
2025_04_08_1616	279	8.2	18.0
2025_04_08_1617	299	8.0	21.0
2025_04_08_1617	319	6.9	15.0
2025_04_08_1617	339	6.65	15.0
2025_04_08_1618	359	8.25	18.0
2025_04_08_1618	379	8.5	16.0
2025_04_08_1619	399	7.3	13.0
2025_04_08_1619	419	8.9	17.0
2025_04_08_1619	439	6.8	15.0
2025_04_08_1620	459	8.9	19.0
2025_04_08_1620	479	9.0	17.0
2025_04_08_1620	499	9.25	17.0
2025_04_08_1621	519	9.95	18.0
2025_04_08_1621	539	8.05	11.0
2025_04_08_1622	559	9.65	16.0
2025_04_08_1622	579	10.45	17.0
2025_04_08_1622	599	9.25	21.0
2025_04_08_1623	619	9.75	16.0
2025_04_08_1623	639	9.1	17.0
2025_04_08_1624	659	11.65	18.0
2025_04_08_1624	679	9.7	17.0
2025_04_08_1624	699	11.75	19.0
2025_04_08_1625	719	11.7	19.0
2025_04_08_1625	739	10.75	18.0
2025_04_08_1626	759	12.1	23.0
2025_04_08_1626	779	11.45	19.0
2025_04_08_1627	799	10.7	18.0
2025_04_08_1627	819	11.25	20.0
2025_04_08_1627	839	10.25	20.0
2025_04_08_1628	859	11.95	23.0
2025_04_08_1628	879	13.65	20.0
2025_04_08_1629	899	13.2	21.0
2025_04_08_1629	919	13.0	20.0
2025_04_08_1630	939	12.8	23.0
2025_04_08_1630	959	13.25	19.0
2025_04_08_1631	979	14.7	21.0
2025_04_08_1631	999	14.3	23.0
2025_04_08_1632	1019	13.25	20.0
2025_04_08_1632	1039	15.05	23.0
2025_04_08_1632	1059	13.7	22.0
2025_04_08_1633	1079	15.2	21.0
2025_04_08_1633	1099	13.7	20.0
2025_04_08_1633	1119	15.95	24.0
2025_04_08_1634	1139	15.55	20.0
2025_04_08_1634	1159	15.65	23.0
2025_04_08_1634	1179	17.65	24.0
2025_04_08_1635	1199	17.7	27.0
2025_04_08_1635	1219	16.15	26.0
2025_04_08_1636	1239	17.7	26.0
2025_04_08_1636	1259	15.95	24.0
2025_04_08_1636	1279	18.15	24.0
2025_04_08_1637	1299	17.3	24.0
2025_04_08_1637	1319	18.15	28.0
2025_04_08_1638	1339	17.9	26.0
2025_04_08_1638	1359	17.85	25.0
2025_04_08_1638	1379	17.3	27.0
2025_04_08_1639	1399	17.7	24.0
2025_04_08_1639	1419	17.15	23.0
2025_04_08_1640	1439	19.45	26.0
2025_04_08_1640	1459	18.45	26.0
2025_04_08_1641	1479	17.75	22.0
2025_04_08_1641	1499	17.15	26.0
2025_04_08_1642	1519	19.3	24.0
2025_04_08_1642	1539	19.0	26.0
2025_04_08_1643	1559	17.3	25.0
2025_04_08_1643	1579	19.95	26.0
2025_04_08_1644	1599	18.8	26.0
2025_04_08_1644	1619	20.2	25.0
2025_04_08_1645	1639	19.4	25.0
2025_04_08_1645	1659	20.7	26.0
2025_04_08_1646	1679	19.55	24.0
2025_04_08_1646	1699	18.55	26.0
2025_04_08_1647	1719	20.9	25.0
2025_04_08_1647	1739	21.9	27.0
2025_04_08_1648	1759	22.15	27.0
2025_04_08_1649	1779	20.55	26.0
2025_04_08_1649	1799	21.9	26.0
2025_04_08_1650	1819	21.4	26.0
2025_04_08_1650	1839	22.95	27.0
2025_04_08_1651	1859	22.5	28.0
2025_04_08_1651	1879	22.9	26.0
2025_04_08_1652	1899	22.5	27.0
2025_04_08_1652	1919	21.7	26.0
2025_04_08_1653	1939	22.5	29.0
2025_04_08_1654	1959	22.15	26.0
2025_04_08_1654	1979	22.0	29.0
2025_04_08_1654	1999	20.7	27.0
2025_04_08_1655	2019	23.05	27.0
2025_04_08_1655	2039	22.6	26.0
2025_04_08_1656	2059	21.15	26.0
2025_04_08_1656	2079	23.1	28.0
2025_04_08_1657	2099	22.55	26.0
2025_04_08_1657	2119	22.85	27.0
2025_04_08_1658	2139	22.85	28.0
2025_04_08_1659	2159	24.0	27.0
2025_04_08_1659	2179	24.35	28.0
2025_04_08_1700	2199	24.35	27.0
2025_04_08_1701	2219	26.0	77.0
2025_04_08_1701	2239	24.2	30.0
2025_04_08_1702	2259	24.1	30.0
2025_04_08_1702	2279	23.4	29.0
2025_04_08_1703	2299	26.5	91.0
2025_04_08_1704	2319	23.35	27.0
2025_04_08_1704	2339	25.25	29.0
2025_04_08_1705	2359	24.35	27.0
2025_04_08_1705	2379	23.55	27.0
2025_04_08_1706	2399	22.45	27.0
2025_04_08_1707	2419	24.8	29.0
2025_04_08_1707	2439	24.2	29.0
2025_04_08_1708	2459	23.3	29.0
2025_04_08_1708	2479	23.05	29.0
2025_04_08_1709	2499	24.05	29.0
2025_04_08_1710	2519	22.9	26.0
2025_04_08_1710	2539	23.65	30.0
2025_04_08_1711	2559	22.95	27.0
2025_04_08_1712	2579	23.6	27.0
2025_04_08_1713	2599	23.85	27.0
2025_04_08_1713	2619	24.05	29.0
2025_04_08_1714	2639	23.3	28.0
2025_04_08_1715	2659	22.55	27.0
2025_04_08_1715	2679	23.9	28.0
2025_04_08_1716	2699	23.15	27.0
2025_04_08_1717	2719	23.5	27.0
2025_04_08_1718	2739	23.75	28.0
2025_04_08_1718	2759	24.55	29.0
2025_04_08_1719	2779	24.8	29.0
2025_04_08_1720	2799	24.95	28.0
2025_04_08_1720	2819	24.75	27.0
2025_04_08_1721	2839	24.3	27.0
2025_04_08_1722	2859	25.15	27.0
2025_04_08_1723	2879	24.8	29.0
2025_04_08_1723	2899	25.6	27.0
2025_04_08_1724	2919	24.4	27.0
2025_04_08_1725	2939	24.7	28.0
2025_04_08_1726	2959	24.65	27.0
2025_04_08_1726	2979	24.7	29.0
2025_04_08_1727	2999	24.35	27.0
2025_04_08_1728	3019	24.55	27.0
2025_04_08_1729	3039	24.85	27.0
2025_04_08_1729	3059	32.3	108.0
2025_04_08_1730	3079	24.85	27.0
2025_04_08_1731	3099	25.7	30.0
2025_04_08_1732	3119	28.4	74.0
2025_04_08_1733	3139	27.6	79.0
2025_04_08_1734	3159	24.45	27.0
2025_04_08_1734	3179	24.45	27.0
2025_04_08_1735	3199	25.9	28.0
2025_04_08_1735	3219	25.85	30.0
2025_04_08_1736	3239	24.8	29.0
2025_04_08_1737	3259	25.25	27.0
2025_04_08_1738	3279	27.4	76.0
2025_04_08_1738	3299	27.75	79.0
2025_04_08_1739	3319	24.65	30.0
2025_04_08_1740	3339	25.1	29.0
2025_04_08_1741	3359	25.0	27.0
2025_04_08_1741	3379	25.0	30.0
2025_04_08_1742	3399	23.8	27.0
2025_04_08_1743	3419	27.3	77.0
2025_04_08_1744	3439	24.45	27.0
2025_04_08_1744	3459	24.4	27.0
2025_04_08_1745	3479	24.3	29.0
2025_04_08_1746	3499	23.85	27.0
2025_04_08_1747	3519	24.85	29.0
2025_04_08_1747	3539	24.5	27.0
2025_04_08_1748	3559	24.9	27.0
2025_04_08_1749	3579	24.45	28.0
2025_04_08_1750	3599	23.65	28.0
2025_04_08_1750	3619	30.35	79.0
2025_04_08_1751	3639	27.9	75.0
2025_04_08_1752	3659	24.4	29.0
2025_04_08_1753	3679	24.75	27.0
2025_04_08_1754	3699	25.0	28.0
2025_04_08_1754	3719	24.55	27.0
2025_04_08_1755	3739	26.5	79.0
2025_04_08_1756	3759	26.9	70.0
2025_04_08_1757	3779	24.5	29.0
2025_04_08_1757	3799	23.95	27.0
2025_04_08_1758	3819	23.9	29.0
2025_04_08_1759	3839	24.3	27.0
2025_04_08_1800	3859	24.75	29.0
2025_04_08_1801	3879	28.8	103.0
2025_04_08_1801	3899	28.4	95.0
2025_04_08_1802	3919	24.05	27.0
2025_04_08_1803	3939	23.6	27.0
2025_04_08_1804	3959	28.35	100.0
2025_04_08_1805	3979	28.45	91.0
2025_04_08_1806	3999	23.95	27.0
2025_04_08_1806	4019	24.55	27.0
2025_04_08_1807	4039	25.05	29.0
2025_04_08_1808	4059	24.45	28.0
2025_04_08_1809	4079	25.8	31.0
2025_04_08_1809	4099	28.05	78.0
2025_04_08_1810	4119	27.25	75.0
2025_04_08_1811	4139	25.3	28.0
2025_04_08_1812	4159	25.4	29.0
2025_04_08_1813	4179	26.8	73.0
2025_04_08_1813	4199	33.7	100.0
2025_04_08_1814	4219	30.65	75.0
2025_04_08_1815	4239	24.1	29.0
2025_04_08_1816	4259	29.4	83.0
2025_04_08_1817	4279	24.45	30.0
2025_04_08_1817	4299	24.15	27.0
2025_04_08_1818	4319	25.0	29.0
2025_04_08_1819	4339	27.9	75.0
2025_04_08_1820	4359	25.25	28.0
2025_04_08_1821	4379	25.3	28.0
2025_04_08_1821	4399	27.9	86.0
2025_04_08_1822	4419	27.45	78.0
2025_04_08_1823	4439	23.35	27.0
2025_04_08_1824	4459	27.1	71.0
2025_04_08_1825	4479	25.15	27.0
2025_04_08_1826	4499	24.15	28.0
2025_04_08_1826	4519	27.4	72.0
2025_04_08_1827	4539	25.1	28.0
2025_04_08_1828	4559	31.3	102.0
2025_04_08_1829	4579	34.25	83.0
2025_04_08_1830	4599	26.75	89.0
2025_04_08_1830	4619	30.7	83.0
2025_04_08_1831	4639	23.7	27.0
2025_04_08_1832	4659	27.85	81.0
2025_04_08_1833	4679	26.0	86.0
2025_04_08_1833	4699	32.6	76.0
2025_04_08_1834	4719	25.45	29.0
2025_04_08_1835	4739	29.95	76.0
2025_04_08_1836	4759	27.9	85.0
2025_04_08_1837	4779	24.25	27.0
2025_04_08_1837	4799	30.05	78.0
2025_04_08_1838	4819	35.2	103.0
2025_04_08_1839	4839	24.15	27.0
2025_04_08_1840	4859	27.25	98.0
2025_04_08_1840	4879	26.8	85.0
2025_04_08_1841	4899	29.9	78.0
2025_04_08_1842	4919	30.05	86.0
2025_04_08_1843	4939	30.05	85.0
2025_04_08_1844	4959	26.9	72.0
2025_04_08_1844	4979	29.3	79.0
2025_04_08_1845	4999	27.45	76.0
2025_04_08_1846	5019	31.3	87.0
2025_04_08_1847	5039	35.2	84.0
2025_04_08_1848	5059	24.7	27.0
2025_04_08_1848	5079	29.0	72.0
2025_04_08_1849	5099	30.35	87.0
2025_04_08_1850	5119	23.45	34.0
2025_04_08_1850	5139	22.25	28.0
2025_04_08_1851	5159	33.05	117.0
2025_04_08_1852	5179	26.7	80.0
2025_04_08_1853	5199	30.8	91.0
2025_04_08_1854	5219	23.75	29.0
2025_04_08_1854	5239	51.35	120.0
2025_04_08_1855	5259	29.8	86.0
2025_04_08_1856	5279	34.35	79.0
2025_04_08_1857	5299	24.45	27.0
2025_04_08_1858	5319	23.7	27.0
2025_04_08_1858	5339	30.9	85.0
2025_04_08_1859	5359	31.7	101.0
2025_04_08_1900	5379	35.5	99.0
2025_04_08_1901	5399	35.55	121.0
2025_04_08_1901	5419	27.95	74.0
2025_04_08_1902	5439	23.25	27.0
2025_04_08_1903	5459	26.25	86.0
2025_04_08_1904	5479	28.0	96.0
2025_04_08_1905	5499	29.55	91.0
2025_04_08_1905	5519	30.75	83.0
2025_04_08_1906	5539	31.1	89.0
2025_04_08_1907	5559	36.55	94.0
2025_04_08_1908	5579	23.1	27.0
2025_04_08_1909	5599	30.55	75.0
2025_04_08_1910	5619	30.5	101.0
2025_04_08_1910	5639	36.5	85.0
2025_04_08_1911	5659	27.7	115.0
2025_04_08_1912	5679	33.15	104.0
2025_04_08_1913	5699	39.25	84.0
2025_04_08_1913	5719	43.45	97.0
2025_04_08_1914	5739	34.4	83.0
2025_04_08_1915	5759	42.0	91.0
2025_04_08_1916	5779	44.1	132.0
2025_04_08_1917	5799	41.3	101.0
2025_04_08_1918	5819	42.95	130.0
2025_04_08_1918	5839	35.0	88.0
2025_04_08_1920	5859	41.3	127.0
2025_04_08_1920	5879	45.45	138.0
2025_04_08_1921	5899	54.05	123.0
2025_04_08_1922	5919	58.3	143.0
2025_04_08_1923	5939	51.85	95.0
2025_04_08_1924	5959	56.05	139.0
2025_04_08_1925	5979	49.95	96.0
2025_04_08_1926	5999	55.7	137.0
2025_04_08_1927	6019	42.95	148.0
2025_04_08_1928	6039	34.5	85.0
2025_04_08_1928	6059	54.3	153.0
2025_04_08_1930	6079	44.95	130.0
2025_04_08_1930	6099	50.65	134.0
2025_04_08_1931	6119	51.05	95.0
2025_04_08_1932	6139	54.55	93.0
2025_04_08_1933	6159	61.1	140.0
2025_04_08_1934	6179	68.05	156.0
2025_04_08_1935	6199	53.15	92.0
2025_04_08_1936	6219	60.25	106.0
2025_04_08_1937	6239	74.65	140.0
2025_04_08_1938	6259	58.8	116.0
2025_04_08_1939	6279	58.65	99.0
2025_04_08_1940	6299	46.6	144.0
2025_04_08_1941	6319	65.0	152.0
2025_04_08_1942	6339	44.8	80.0
2025_04_08_1943	6359	56.5	102.0
2025_04_08_1944	6379	48.75	93.0
2025_04_08_1944	6399	31.65	83.0
2025_04_08_1945	6419	46.45	92.0
2025_04_08_1946	6439	48.95	99.0
2025_04_08_1947	6459	33.8	89.0
2025_04_08_1948	6479	67.6	136.0
2025_04_08_1949	6499	47.0	85.0
2025_04_08_1950	6519	53.05	102.0
2025_04_08_1951	6539	44.95	129.0
2025_04_08_1952	6559	57.7	110.0
2025_04_08_1953	6579	36.9	93.0
2025_04_08_1954	6599	36.05	101.0
2025_04_08_1955	6619	53.45	127.0
2025_04_08_1956	6639	55.05	124.0
2025_04_08_1957	6659	50.3	99.0
2025_04_08_1958	6679	48.1	105.0
2025_04_08_1959	6699	51.95	125.0
2025_04_08_1959	6719	54.75	97.0
2025_04_08_2001	6739	64.7	101.0
2025_04_08_2002	6759	68.9	141.0
2025_04_08_2002	6779	37.6	104.0
2025_04_08_2003	6799	43.35	146.0
2025_04_08_2004	6819	45.3	101.0
2025_04_08_2005	6839	61.95	149.0
2025_04_08_2006	6859	74.15	129.0
2025_04_08_2007	6879	42.0	94.0
2025_04_08_2008	6899	73.7	148.0
2025_04_08_2009	6919	67.5	111.0
2025_04_08_2010	6939	64.6	136.0
2025_04_08_2011	6959	52.1	119.0
2025_04_08_2012	6979	61.7	91.0
2025_04_08_2013	6999	67.95	97.0
2025_04_08_2014	7019	69.55	136.0
2025_04_08_2015	7039	80.65	139.0
2025_04_08_2016	7059	74.1	155.0
2025_04_08_2017	7079	71.0	125.0
2025_04_08_2018	7099	79.1	140.0
2025_04_08_2019	7119	77.4	137.0
2025_04_08_2021	7139	71.8	142.0
2025_04_08_2022	7159	59.75	136.0
2025_04_08_2022	7179	69.3	123.0
2025_04_08_2023	7199	60.8	142.0
2025_04_08_2025	7219	75.5	132.0
2025_04_08_2026	7239	66.45	121.0
2025_04_08_2027	7259	63.5	117.0
2025_04_08_2028	7279	63.7	147.0
2025_04_08_2029	7299	59.85	142.0
2025_04_08_2030	7319	72.55	160.0
2025_04_08_2031	7339	75.3	160.0
2025_04_08_2032	7359	77.5	128.0
2025_04_08_2033	7379	86.95	170.0
2025_04_08_2035	7399	70.3	133.0
2025_04_08_2036	7419	79.3	158.0
2025_04_08_2037	7439	80.8	114.0
2025_04_08_2038	7459	61.7	111.0
2025_04_08_2039	7479	77.0	178.0
2025_04_08_2040	7499	71.05	166.0
2025_04_08_2041	7519	74.15	130.0
2025_04_08_2043	7539	69.35	115.0
2025_04_08_2044	7559	73.5	116.0
2025_04_08_2045	7579	75.9	162.0
2025_04_08_2046	7599	52.7	103.0
2025_04_08_2047	7619	65.75	140.0
2025_04_08_2048	7639	67.5	124.0
2025_04_08_2049	7659	69.05	171.0
2025_04_08_2051	7679	77.7	153.0
2025_04_08_2051	7699	51.7	91.0
2025_04_08_2052	7719	70.4	119.0
2025_04_08_2054	7739	69.45	137.0
2025_04_08_2055	7759	79.35	123.0
2025_04_08_2056	7779	69.1	130.0
2025_04_08_2057	7799	72.15	147.0
2025_04_08_2058	7819	72.9	160.0
2025_04_08_2059	7839	64.75	145.0
2025_04_08_2101	7859	52.35	112.0
2025_04_08_2102	7879	86.4	165.0
2025_04_08_2103	7899	65.25	132.0
2025_04_08_2104	7919	67.7	149.0
2025_04_08_2105	7939	69.75	148.0
2025_04_08_2106	7959	86.65	151.0
2025_04_08_2107	7979	71.55	151.0
2025_04_08_2108	7999	62.0	139.0
2025_04_08_2109	8019	61.05	137.0
2025_04_08_2110	8039	75.6	149.0
2025_04_08_2112	8059	77.0	136.0
2025_04_08_2113	8079	93.6	176.0
2025_04_08_2114	8099	75.05	141.0
2025_04_08_2115	8119	80.6	155.0
2025_04_08_2116	8139	70.45	115.0
2025_04_08_2117	8159	92.1	165.0
2025_04_08_2119	8179	64.0	117.0
2025_04_08_2120	8199	72.8	142.0
2025_04_08_2120	8219	82.85	108.0
2025_04_08_2121	8239	75.8	141.0
2025_04_08_2123	8259	74.3	117.0
2025_04_08_2124	8279	76.4	138.0
2025_04_08_2125	8299	82.85	107.0
2025_04_08_2126	8319	57.85	124.0
2025_04_08_2127	8339	80.8	146.0
2025_04_08_2128	8359	95.1	150.0
2025_04_08_2130	8379	87.05	132.0
2025_04_08_2131	8399	88.9	144.0
2025_04_08_2132	8419	79.0	198.0
2025_04_08_2134	8439	89.05	144.0
2025_04_08_2135	8459	88.0	180.0
2025_04_08_2136	8479	77.3	170.0
2025_04_08_2137	8499	75.7	113.0
2025_04_08_2138	8519	77.4	136.0
2025_04_08_2139	8539	81.95	142.0
2025_04_08_2141	8559	69.8	145.0
2025_04_08_2142	8579	70.35	104.0
2025_04_08_2143	8599	74.3	155.0
2025_04_08_2144	8619	79.5	110.0
2025_04_08_2145	8639	79.1	132.0
2025_04_08_2146	8659	79.4	130.0
2025_04_08_2147	8679	84.35	153.0
2025_04_08_2149	8699	72.95	158.0
2025_04_08_2150	8719	81.05	180.0
2025_04_08_2151	8739	96.0	162.0
2025_04_08_2152	8759	90.9	171.0
2025_04_08_2154	8779	77.05	160.0
2025_04_08_2155	8799	93.6	165.0
2025_04_08_2156	8819	80.75	149.0
2025_04_08_2157	8839	97.05	163.0
2025_04_08_2158	8859	74.65	145.0
2025_04_08_2200	8879	85.05	193.0
2025_04_08_2201	8899	69.8	119.0
2025_04_08_2202	8919	100.75	160.0
2025_04_08_2203	8939	103.35	175.0
2025_04_08_2205	8959	91.05	163.0
2025_04_08_2206	8979	74.1	121.0
2025_04_08_2207	8999	71.0	126.0
2025_04_08_2208	9019	92.05	147.0
2025_04_08_2210	9039	79.0	147.0
2025_04_08_2212	9059	86.9	148.0
2025_04_08_2213	9079	75.2	129.0
2025_04_08_2214	9099	91.8	159.0
2025_04_08_2216	9119	105.55	171.0
2025_04_08_2218	9139	87.8	174.0
2025_04_08_2219	9159	94.7	170.0
2025_04_08_2221	9179	83.95	159.0
2025_04_08_2223	9199	91.35	146.0
2025_04_08_2225	9219	97.05	175.0
2025_04_08_2227	9239	88.75	162.0
2025_04_08_2228	9259	104.55	158.0
2025_04_08_2230	9279	89.2	146.0
2025_04_08_2231	9299	74.85	178.0
2025_04_08_2233	9319	84.05	120.0
2025_04_08_2234	9339	75.85	160.0
2025_04_08_2236	9359	80.45	128.0
2025_04_08_2237	9379	85.5	146.0
2025_04_08_2238	9399	70.5	127.0
2025_04_08_2240	9419	80.75	162.0
2025_04_08_2241	9439	80.9	152.0
2025_04_08_2243	9459	83.45	141.0
2025_04_08_2244	9479	86.75	151.0
2025_04_08_2246	9499	87.8	165.0
2025_04_08_2247	9519	58.95	131.0
2025_04_08_2248	9539	88.25	143.0
2025_04_08_2250	9559	92.45	148.0
2025_04_08_2252	9579	86.8	158.0
2025_04_08_2253	9599	61.05	130.0
2025_04_08_2255	9619	85.75	177.0
2025_04_08_2256	9639	84.95	161.0
2025_04_08_2257	9659	79.95	138.0
2025_04_08_2259	9679	60.75	112.0
2025_04_08_2300	9699	80.5	125.0
2025_04_08_2302	9719	90.0	153.0
2025_04_08_2303	9739	79.65	139.0
2025_04_08_2305	9759	109.35	171.0
2025_04_08_2306	9779	95.6	168.0
2025_04_08_2308	9799	93.55	171.0
2025_04_08_2310	9819	93.25	133.0
2025_04_08_2311	9839	94.6	174.0
2025_04_08_2313	9859	100.85	196.0
2025_04_08_2314	9879	109.15	166.0
2025_04_08_2316	9899	100.95	175.0
2025_04_08_2318	9919	99.3	163.0
2025_04_08_2319	9939	100.25	172.0
2025_04_08_2321	9959	105.65	163.0
2025_04_08_2322	9979	82.55	172.0
2025_04_08_2324	9999	85.85	135.0
2025_04_08_2325	10019	88.2	167.0
2025_04_08_2327	10039	85.55	184.0
2025_04_08_2329	10059	94.2	158.0
2025_04_08_2330	10079	93.0	185.0
2025_04_08_2332	10099	89.45	164.0
2025_04_08_2333	10119	83.95	179.0
2025_04_08_2334	10139	91.8	157.0
2025_04_08_2337	10159	105.85	183.0
2025_04_08_2338	10179	107.05	170.0
2025_04_08_2339	10199	82.5	159.0
2025_04_08_2341	10219	83.55	151.0
2025_04_08_2343	10239	107.6	172.0
2025_04_08_2344	10259	109.2	195.0
2025_04_08_2346	10279	106.3	166.0
2025_04_08_2348	10299	102.6	150.0
2025_04_08_2350	10319	98.45	176.0
2025_04_08_2351	10339	126.2	169.0
2025_04_08_2352	10359	103.2	191.0
2025_04_08_2355	10379	93.65	155.0
2025_04_08_2356	10399	114.6	176.0
2025_04_08_2357	10419	117.15	188.0
2025_04_08_2359	10439	82.75	155.0
2025_04_09_0001	10459	99.25	207.0
2025_04_09_0002	10479	100.95	169.0
2025_04_09_0004	10499	81.2	151.0
2025_04_09_0005	10519	107.45	214.0
2025_04_09_0007	10539	94.4	165.0
2025_04_09_0009	10559	86.1	138.0
2025_04_09_0010	10579	101.2	182.0
2025_04_09_0012	10599	91.6	196.0
2025_04_09_0013	10619	86.3	162.0
2025_04_09_0015	10639	81.5	171.0
2025_04_09_0016	10659	91.8	152.0
2025_04_09_0018	10679	97.05	163.0
2025_04_09_0019	10699	94.1	161.0
2025_04_09_0021	10719	83.6	167.0
2025_04_09_0023	10739	88.8	161.0
2025_04_09_0024	10759	109.75	172.0
2025_04_09_0026	10779	104.9	187.0
2025_04_09_0027	10799	101.6	166.0
2025_04_09_0029	10819	83.6	130.0
2025_04_09_0030	10839	102.15	205.0
2025_04_09_0032	10859	98.3	156.0
2025_04_09_0034	10879	92.9	187.0
2025_04_09_0035	10899	111.15	166.0
2025_04_09_0037	10919	81.6	160.0
2025_04_09_0038	10939	107.05	167.0
2025_04_09_0040	10959	105.2	183.0
2025_04_09_0041	10979	95.65	187.0
2025_04_09_0043	10999	88.5	156.0
2025_04_09_0044	11019	89.5	137.0
2025_04_09_0046	11039	91.2	186.0
2025_04_09_0047	11059	113.05	184.0
2025_04_09_0049	11079	93.95	182.0
2025_04_09_0051	11099	96.65	170.0
2025_04_09_0052	11119	112.65	181.0
2025_04_09_0053	11139	104.65	150.0
2025_04_09_0055	11159	101.45	176.0
2025_04_09_0057	11179	118.6	193.0
2025_04_09_0059	11199	97.7	174.0
2025_04_09_0100	11219	112.5	174.0
2025_04_09_0102	11239	107.8	175.0
2025_04_09_0104	11259	96.5	168.0
2025_04_09_0105	11279	91.25	161.0
2025_04_09_0107	11299	96.85	170.0
2025_04_09_0109	11319	100.5	208.0
2025_04_09_0110	11339	113.25	165.0
2025_04_09_0112	11359	126.35	189.0
2025_04_09_0114	11379	105.4	184.0
2025_04_09_0115	11399	107.05	187.0
2025_04_09_0117	11419	96.05	189.0
2025_04_09_0119	11439	108.9	190.0
2025_04_09_0120	11459	114.65	198.0
2025_04_09_0122	11479	111.65	173.0
2025_04_09_0124	11499	104.55	194.0
2025_04_09_0125	11519	101.15	181.0
2025_04_09_0127	11539	109.4	181.0
2025_04_09_0129	11559	105.2	186.0
2025_04_09_0130	11579	113.9	173.0
2025_04_09_0133	11599	123.35	178.0
2025_04_09_0134	11619	118.65	182.0
2025_04_09_0136	11639	118.85	180.0
2025_04_09_0138	11659	105.2	178.0
2025_04_09_0139	11679	101.55	167.0
2025_04_09_0141	11699	131.3	229.0
2025_04_09_0143	11719	126.75	181.0
2025_04_09_0144	11739	128.8	218.0
2025_04_09_0147	11759	117.0	201.0
2025_04_09_0148	11779	111.55	181.0
2025_04_09_0150	11799	113.3	175.0
2025_04_09_0152	11819	101.85	184.0
2025_04_09_0153	11839	90.8	171.0
2025_04_09_0155	11859	112.95	185.0
2025_04_09_0156	11879	95.35	187.0
2025_04_09_0158	11899	113.45	194.0
2025_04_09_0200	11919	114.85	163.0
2025_04_09_0202	11939	111.2	172.0
2025_04_09_0203	11959	112.75	189.0
2025_04_09_0205	11979	106.5	184.0
2025_04_09_0207	11999	115.2	169.0
2025_04_09_0208	12019	112.95	218.0
2025_04_09_0210	12039	121.85	199.0
2025_04_09_0212	12059	110.75	171.0
2025_04_09_0214	12079	119.5	178.0
2025_04_09_0215	12099	111.45	166.0
2025_04_09_0216	12119	88.1	162.0
2025_04_09_0218	12139	109.65	200.0
2025_04_09_0220	12159	96.45	177.0
2025_04_09_0221	12179	110.7	197.0
2025_04_09_0223	12199	86.0	165.0
2025_04_09_0225	12219	113.55	184.0
2025_04_09_0226	12239	106.55	162.0
2025_04_09_0228	12259	102.95	167.0
2025_04_09_0229	12279	90.95	177.0
2025_04_09_0230	12299	90.45	173.0
2025_04_09_0233	12319	120.2	228.0
2025_04_09_0234	12339	106.2	185.0
2025_04_09_0235	12359	111.45	165.0
2025_04_09_0238	12379	115.25	175.0
2025_04_09_0239	12399	120.5	190.0
2025_04_09_0241	12419	103.45	173.0
2025_04_09_0243	12439	115.9	184.0
2025_04_09_0244	12459	123.85	176.0
2025_04_09_0246	12479	120.5	177.0
2025_04_09_0248	12499	120.95	190.0
2025_04_09_0249	12519	123.95	194.0
2025_04_09_0251	12539	115.45	212.0
2025_04_09_0253	12559	115.9	200.0
2025_04_09_0255	12579	115.75	174.0
2025_04_09_0257	12599	108.15	183.0
2025_04_09_0258	12619	127.05	178.0
2025_04_09_0300	12639	101.45	174.0
2025_04_09_0302	12659	122.3	214.0
2025_04_09_0303	12679	139.65	203.0
2025_04_09_0305	12699	134.55	210.0
2025_04_09_0307	12719	125.5	192.0
2025_04_09_0309	12739	125.4	193.0
2025_04_09_0311	12759	144.4	208.0
2025_04_09_0312	12779	128.9	190.0
2025_04_09_0315	12799	112.2	192.0
2025_04_09_0316	12819	117.3	207.0
2025_04_09_0318	12839	124.65	221.0
2025_04_09_0320	12859	117.6	198.0
2025_04_09_0321	12879	132.45	222.0
2025_04_09_0324	12899	127.3	223.0
2025_04_09_0325	12919	117.7	178.0
2025_04_09_0327	12939	109.3	174.0
2025_04_09_0328	12959	108.4	166.0
2025_04_09_0330	12979	139.5	212.0
2025_04_09_0332	12999	125.95	199.0
2025_04_09_0334	13019	130.75	195.0
2025_04_09_0336	13039	128.4	189.0
2025_04_09_0338	13059	125.0	198.0
2025_04_09_0339	13079	132.15	205.0
2025_04_09_0341	13099	114.4	191.0
2025_04_09_0343	13119	108.4	177.0
2025_04_09_0344	13139	120.95	182.0
2025_04_09_0346	13159	128.05	192.0
2025_04_09_0348	13179	135.4	190.0
2025_04_09_0350	13199	120.25	182.0
2025_04_09_0352	13219	117.35	207.0
2025_04_09_0353	13239	146.3	204.0
2025_04_09_0355	13259	117.4	213.0
2025_04_09_0357	13279	129.05	200.0
2025_04_09_0359	13299	114.05	194.0
2025_04_09_0401	13319	105.2	182.0
2025_04_09_0402	13339	144.8	199.0
2025_04_09_0404	13359	130.0	190.0
2025_04_09_0406	13379	107.1	194.0
2025_04_09_0407	13399	109.5	164.0
2025_04_09_0409	13419	122.25	184.0
2025_04_09_0411	13439	113.1	202.0
2025_04_09_0412	13459	114.15	175.0
2025_04_09_0415	13479	110.7	161.0
2025_04_09_0416	13499	133.95	204.0
2025_04_09_0417	13519	105.2	199.0
2025_04_09_0419	13539	124.6	180.0
2025_04_09_0421	13559	131.55	187.0
2025_04_09_0422	13579	109.85	196.0
2025_04_09_0424	13599	119.3	162.0
2025_04_09_0426	13619	117.0	175.0
2025_04_09_0427	13639	138.4	196.0
2025_04_09_0430	13659	132.4	213.0
2025_04_09_0431	13679	129.3	186.0
2025_04_09_0433	13699	142.0	207.0
2025_04_09_0435	13719	132.4	222.0
2025_04_09_0436	13739	134.0	183.0
2025_04_09_0439	13759	126.7	193.0
2025_04_09_0440	13779	110.25	176.0
2025_04_09_0441	13799	115.9	197.0
2025_04_09_0444	13819	119.35	183.0
2025_04_09_0445	13839	131.75	206.0
2025_04_09_0447	13859	131.75	222.0
2025_04_09_0449	13879	122.3	196.0
2025_04_09_0450	13899	115.2	192.0
2025_04_09_0452	13919	146.0	218.0
2025_04_09_0454	13939	126.7	186.0
2025_04_09_0455	13959	124.8	183.0
2025_04_09_0457	13979	123.65	217.0
2025_04_09_0459	13999	122.0	210.0
