2025_04_08_1612	19	7.3	16.0
2025_04_08_1612	39	7.1	15.0
2025_04_08_1612	59	6.85	16.0
2025_04_08_1612	79	6.1	17.0
2025_04_08_1613	99	7.4	20.0
2025_04_08_1613	119	7.05	15.0
2025_04_08_1613	139	6.35	15.0
2025_04_08_1614	159	7.6	18.0
2025_04_08_1614	179	7.55	15.0
2025_04_08_1614	199	7.75	21.0
2025_04_08_1615	219	7.7	15.0
2025_04_08_1615	239	7.65	17.0
2025_04_08_1615	259	7.6	20.0
2025_04_08_1616	279	8.7	22.0
2025_04_08_1616	299	6.3	13.0
2025_04_08_1617	319	7.8	17.0
2025_04_08_1617	339	7.85	15.0
2025_04_08_1617	359	8.2	21.0
2025_04_08_1618	379	7.15	15.0
2025_04_08_1618	399	8.1	15.0
2025_04_08_1619	419	7.5	14.0
2025_04_08_1619	439	7.55	17.0
2025_04_08_1619	459	6.9	12.0
2025_04_08_1620	479	9.35	17.0
2025_04_08_1620	499	9.15	16.0
2025_04_08_1620	519	8.9	20.0
2025_04_08_1621	539	7.3	15.0
2025_04_08_1621	559	9.2	17.0
2025_04_08_1622	579	7.9	16.0
2025_04_08_1622	599	10.2	27.0
2025_04_08_1622	619	9.9	21.0
2025_04_08_1623	639	9.5	16.0
2025_04_08_1623	659	10.65	19.0
2025_04_08_1624	679	10.1	20.0
2025_04_08_1624	699	11.15	20.0
2025_04_08_1624	719	8.9	18.0
2025_04_08_1625	739	10.4	23.0
2025_04_08_1625	759	8.45	20.0
2025_04_08_1626	779	10.35	18.0
2025_04_08_1626	799	10.8	20.0
2025_04_08_1626	819	11.75	22.0
2025_04_08_1627	839	11.9	18.0
2025_04_08_1627	859	11.5	18.0
2025_04_08_1628	879	12.55	19.0
2025_04_08_1628	899	12.35	20.0
2025_04_08_1628	919	11.6	18.0
2025_04_08_1629	939	12.9	23.0
2025_04_08_1629	959	12.65	19.0
2025_04_08_1630	979	15.5	27.0
2025_04_08_1630	999	12.85	25.0
2025_04_08_1631	1019	13.1	18.0
2025_04_08_1631	1039	14.95	24.0
2025_04_08_1632	1059	13.45	23.0
2025_04_08_1632	1079	13.55	24.0
2025_04_08_1633	1099	13.7	23.0
2025_04_08_1633	1119	14.1	22.0
2025_04_08_1633	1139	14.25	25.0
2025_04_08_1634	1159	13.2	22.0
2025_04_08_1634	1179	14.7	23.0
2025_04_08_1634	1199	15.9	21.0
2025_04_08_1635	1219	14.2	22.0
2025_04_08_1635	1239	12.7	17.0
2025_04_08_1636	1259	16.25	23.0
2025_04_08_1636	1279	16.1	24.0
2025_04_08_1636	1299	17.9	26.0
2025_04_08_1637	1319	16.2	24.0
2025_04_08_1637	1339	15.6	21.0
2025_04_08_1638	1359	17.05	24.0
2025_04_08_1638	1379	17.45	25.0
2025_04_08_1638	1399	17.35	25.0
2025_04_08_1639	1419	17.5	23.0
2025_04_08_1639	1439	18.0	22.0
2025_04_08_1640	1459	18.65	26.0
2025_04_08_1640	1479	17.5	25.0
2025_04_08_1641	1499	19.35	25.0
2025_04_08_1641	1519	18.65	25.0
2025_04_08_1642	1539	18.1	27.0
2025_04_08_1642	1559	16.6	23.0
2025_04_08_1642	1579	17.5	24.0
2025_04_08_1643	1599	18.6	25.0
2025_04_08_1643	1619	17.0	26.0
2025_04_08_1644	1639	20.0	26.0
2025_04_08_1644	1659	19.75	26.0
2025_04_08_1645	1679	20.55	26.0
2025_04_08_1645	1699	19.05	25.0
2025_04_08_1646	1719	19.95	24.0
2025_04_08_1646	1739	20.05	25.0
2025_04_08_1647	1759	21.35	25.0
2025_04_08_1647	1779	19.4	23.0
2025_04_08_1648	1799	20.45	24.0
2025_04_08_1649	1819	20.6	26.0
2025_04_08_1649	1839	20.6	23.0
2025_04_08_1650	1859	20.2	25.0
2025_04_08_1650	1879	21.05	26.0
2025_04_08_1651	1899	20.8	26.0
2025_04_08_1651	1919	21.55	25.0
2025_04_08_1652	1939	21.25	26.0
2025_04_08_1652	1959	21.85	25.0
2025_04_08_1653	1979	20.7	27.0
2025_04_08_1653	1999	22.1	27.0
2025_04_08_1654	2019	21.8	26.0
2025_04_08_1654	2039	21.75	26.0
2025_04_08_1655	2059	22.7	27.0
2025_04_08_1655	2079	22.4	26.0
2025_04_08_1656	2099	23.2	27.0
2025_04_08_1656	2119	22.5	26.0
2025_04_08_1657	2139	23.15	26.0
2025_04_08_1657	2159	22.95	29.0
2025_04_08_1658	2179	22.75	27.0
2025_04_08_1659	2199	22.05	26.0
2025_04_08_1659	2219	26.9	77.0
2025_04_08_1700	2239	23.05	27.0
2025_04_08_1701	2259	21.25	27.0
2025_04_08_1701	2279	25.25	72.0
2025_04_08_1702	2299	23.5	27.0
2025_04_08_1702	2319	23.7	27.0
2025_04_08_1703	2339	22.9	27.0
2025_04_08_1704	2359	22.55	27.0
2025_04_08_1704	2379	23.25	28.0
2025_04_08_1705	2399	22.8	28.0
2025_04_08_1705	2419	22.9	26.0
2025_04_08_1706	2439	22.15	27.0
2025_04_08_1707	2459	23.1	29.0
2025_04_08_1707	2479	22.65	25.0
2025_04_08_1708	2499	23.35	28.0
2025_04_08_1709	2519	22.6	27.0
2025_04_08_1709	2539	22.6	27.0
2025_04_08_1710	2559	23.05	26.0
2025_04_08_1710	2579	22.75	26.0
2025_04_08_1711	2599	24.8	80.0
2025_04_08_1712	2619	25.55	72.0
2025_04_08_1712	2639	23.7	27.0
2025_04_08_1713	2659	22.35	26.0
2025_04_08_1714	2679	22.8	27.0
2025_04_08_1715	2699	21.85	27.0
2025_04_08_1715	2719	22.2	25.0
2025_04_08_1716	2739	23.65	27.0
2025_04_08_1716	2759	22.9	27.0
2025_04_08_1717	2779	21.8	27.0
2025_04_08_1718	2799	22.3	26.0
2025_04_08_1718	2819	23.1	27.0
2025_04_08_1719	2839	23.4	27.0
2025_04_08_1720	2859	23.35	27.0
2025_04_08_1721	2879	22.65	27.0
2025_04_08_1721	2899	22.6	27.0
2025_04_08_1722	2919	25.8	85.0
2025_04_08_1723	2939	30.9	110.0
2025_04_08_1724	2959	21.75	27.0
2025_04_08_1724	2979	22.3	25.0
2025_04_08_1725	2999	22.35	26.0
2025_04_08_1725	3019	24.6	75.0
2025_04_08_1726	3039	24.2	86.0
2025_04_08_1727	3059	24.95	74.0
2025_04_08_1728	3079	22.9	26.0
2025_04_08_1728	3099	21.8	26.0
2025_04_08_1729	3119	22.7	26.0
2025_04_08_1730	3139	25.55	91.0
2025_04_08_1730	3159	22.7	28.0
2025_04_08_1731	3179	22.15	25.0
2025_04_08_1732	3199	25.7	87.0
2025_04_08_1733	3219	22.0	27.0
2025_04_08_1733	3239	22.05	25.0
2025_04_08_1734	3259	21.3	26.0
2025_04_08_1735	3279	24.6	66.0
2025_04_08_1735	3299	22.35	26.0
2025_04_08_1736	3319	24.6	79.0
2025_04_08_1737	3339	22.45	26.0
2025_04_08_1737	3359	22.6	28.0
2025_04_08_1738	3379	21.15	25.0
2025_04_08_1739	3399	22.1	26.0
2025_04_08_1739	3419	21.65	24.0
2025_04_08_1740	3439	22.55	25.0
2025_04_08_1741	3459	25.6	79.0
2025_04_08_1741	3479	22.55	27.0
2025_04_08_1742	3499	24.6	78.0
2025_04_08_1743	3519	21.35	26.0
2025_04_08_1743	3539	22.1	26.0
2025_04_08_1744	3559	21.85	28.0
2025_04_08_1745	3579	21.8	28.0
2025_04_08_1746	3599	22.65	26.0
2025_04_08_1746	3619	22.7	26.0
2025_04_08_1747	3639	22.4	26.0
2025_04_08_1748	3659	22.75	27.0
2025_04_08_1748	3679	22.5	26.0
2025_04_08_1749	3699	22.3	27.0
2025_04_08_1750	3719	25.2	71.0
2025_04_08_1751	3739	21.3	27.0
2025_04_08_1751	3759	24.35	75.0
2025_04_08_1752	3779	23.0	27.0
2025_04_08_1753	3799	24.5	75.0
2025_04_08_1754	3819	21.1	25.0
2025_04_08_1755	3839	23.35	27.0
2025_04_08_1755	3859	26.35	92.0
2025_04_08_1756	3879	23.0	26.0
2025_04_08_1757	3899	25.95	83.0
2025_04_08_1758	3919	23.55	27.0
2025_04_08_1759	3939	23.25	27.0
2025_04_08_1759	3959	22.7	26.0
2025_04_08_1800	3979	28.1	116.0
2025_04_08_1801	3999	22.25	26.0
2025_04_08_1802	4019	26.65	69.0
2025_04_08_1803	4039	23.35	27.0
2025_04_08_1804	4059	23.6	27.0
2025_04_08_1805	4079	34.5	119.0
2025_04_08_1806	4099	24.15	28.0
2025_04_08_1806	4119	23.95	27.0
2025_04_08_1807	4139	24.9	28.0
2025_04_08_1808	4159	23.65	28.0
2025_04_08_1809	4179	25.15	27.0
2025_04_08_1809	4199	26.95	92.0
2025_04_08_1810	4219	26.9	74.0
2025_04_08_1811	4239	23.5	27.0
2025_04_08_1812	4259	26.55	72.0
2025_04_08_1813	4279	23.55	28.0
2025_04_08_1813	4299	23.65	27.0
2025_04_08_1814	4319	25.85	74.0
2025_04_08_1815	4339	26.05	74.0
2025_04_08_1816	4359	26.35	73.0
2025_04_08_1817	4379	22.9	27.0
2025_04_08_1818	4399	23.8	27.0
2025_04_08_1818	4419	23.6	29.0
2025_04_08_1819	4439	22.95	27.0
2025_04_08_1820	4459	25.9	66.0
2025_04_08_1821	4479	23.6	28.0
2025_04_08_1822	4499	23.75	27.0
2025_04_08_1822	4519	27.6	81.0
2025_04_08_1823	4539	26.05	83.0
2025_04_08_1824	4559	24.7	66.0
2025_04_08_1825	4579	27.9	112.0
2025_04_08_1826	4599	22.3	27.0
2025_04_08_1826	4619	25.15	73.0
2025_04_08_1827	4639	22.25	26.0
2025_04_08_1828	4659	25.0	79.0
2025_04_08_1829	4679	30.6	79.0
2025_04_08_1830	4699	26.4	82.0
2025_04_08_1830	4719	28.35	78.0
2025_04_08_1831	4739	30.85	94.0
2025_04_08_1832	4759	22.7	27.0
2025_04_08_1833	4779	27.45	77.0
2025_04_08_1833	4799	28.85	89.0
2025_04_08_1834	4819	23.6	71.0
2025_04_08_1835	4839	33.15	106.0
2025_04_08_1836	4859	27.95	76.0
2025_04_08_1837	4879	24.3	72.0
2025_04_08_1837	4899	20.55	27.0
2025_04_08_1838	4919	25.05	82.0
2025_04_08_1839	4939	27.95	87.0
2025_04_08_1840	4959	27.7	78.0
2025_04_08_1840	4979	27.5	85.0
2025_04_08_1841	4999	24.45	74.0
2025_04_08_1842	5019	27.1	77.0
2025_04_08_1843	5039	28.5	87.0
2025_04_08_1843	5059	25.6	72.0
2025_04_08_1844	5079	25.85	93.0
2025_04_08_1845	5099	30.7	100.0
2025_04_08_1846	5119	23.7	87.0
2025_04_08_1846	5139	31.65	88.0
2025_04_08_1847	5159	34.0	92.0
2025_04_08_1848	5179	28.2	85.0
2025_04_08_1849	5199	31.45	84.0
2025_04_08_1849	5219	31.8	89.0
2025_04_08_1850	5239	31.3	119.0
2025_04_08_1851	5259	35.45	98.0
2025_04_08_1852	5279	21.1	27.0
2025_04_08_1852	5299	20.6	27.0
2025_04_08_1853	5319	19.25	26.0
2025_04_08_1854	5339	25.35	93.0
2025_04_08_1855	5359	21.05	25.0
2025_04_08_1855	5379	29.5	88.0
2025_04_08_1856	5399	24.55	64.0
2025_04_08_1857	5419	20.0	27.0
2025_04_08_1858	5439	20.65	27.0
2025_04_08_1858	5459	31.35	81.0
2025_04_08_1859	5479	24.35	89.0
2025_04_08_1900	5499	23.05	81.0
2025_04_08_1901	5519	23.3	84.0
2025_04_08_1901	5539	21.4	26.0
2025_04_08_1902	5559	26.85	76.0
2025_04_08_1903	5579	22.45	69.0
2025_04_08_1903	5599	27.15	71.0
2025_04_08_1905	5619	34.95	117.0
2025_04_08_1905	5639	23.35	78.0
2025_04_08_1906	5659	21.1	30.0
2025_04_08_1907	5679	25.15	71.0
2025_04_08_1908	5699	35.3	101.0
2025_04_08_1908	5719	27.2	81.0
2025_04_08_1909	5739	39.4	154.0
2025_04_08_1910	5759	27.7	93.0
2025_04_08_1911	5779	27.3	86.0
2025_04_08_1911	5799	34.95	85.0
2025_04_08_1912	5819	25.8	76.0
2025_04_08_1913	5839	24.15	81.0
2025_04_08_1914	5859	25.85	85.0
2025_04_08_1915	5879	29.7	97.0
2025_04_08_1915	5899	32.2	89.0
2025_04_08_1916	5919	26.3	80.0
2025_04_08_1917	5939	27.6	77.0
2025_04_08_1918	5959	30.55	75.0
2025_04_08_1918	5979	30.3	94.0
2025_04_08_1919	5999	29.35	108.0
2025_04_08_1920	6019	39.4	96.0
2025_04_08_1921	6039	52.9	108.0
2025_04_08_1922	6059	25.6	79.0
2025_04_08_1923	6079	30.9	108.0
2025_04_08_1924	6099	34.55	104.0
2025_04_08_1925	6119	39.55	98.0
2025_04_08_1925	6139	33.95	89.0
2025_04_08_1926	6159	24.25	71.0
2025_04_08_1927	6179	25.7	134.0
2025_04_08_1928	6199	34.25	96.0
2025_04_08_1929	6219	38.95	101.0
2025_04_08_1930	6239	23.9	76.0
2025_04_08_1931	6259	29.8	86.0
2025_04_08_1931	6279	34.0	85.0
2025_04_08_1932	6299	30.05	85.0
2025_04_08_1933	6319	39.6	100.0
2025_04_08_1934	6339	41.75	109.0
2025_04_08_1935	6359	32.7	111.0
2025_04_08_1936	6379	43.9	76.0
2025_04_08_1936	6399	37.65	117.0
2025_04_08_1937	6419	33.1	93.0
2025_04_08_1938	6439	39.2	109.0
2025_04_08_1939	6459	51.7	92.0
2025_04_08_1940	6479	44.85	96.0
2025_04_08_1941	6499	37.1	88.0
2025_04_08_1942	6519	43.7	79.0
2025_04_08_1943	6539	42.1	82.0
2025_04_08_1944	6559	29.5	118.0
2025_04_08_1945	6579	40.0	83.0
2025_04_08_1945	6599	41.6	90.0
2025_04_08_1946	6619	45.5	111.0
2025_04_08_1948	6639	48.65	117.0
2025_04_08_1948	6659	35.35	78.0
2025_04_08_1949	6679	37.6	84.0
2025_04_08_1950	6699	48.9	132.0
2025_04_08_1951	6719	44.55	87.0
2025_04_08_1952	6739	44.5	104.0
2025_04_08_1953	6759	52.5	86.0
2025_04_08_1954	6779	34.8	85.0
2025_04_08_1955	6799	59.85	103.0
2025_04_08_1956	6819	24.6	91.0
2025_04_08_1957	6839	41.05	103.0
2025_04_08_1957	6859	32.95	99.0
2025_04_08_1958	6879	29.85	90.0
2025_04_08_1959	6899	47.6	116.0
2025_04_08_2000	6919	32.6	81.0
2025_04_08_2001	6939	32.1	106.0
2025_04_08_2002	6959	29.5	100.0
2025_04_08_2002	6979	25.8	76.0
2025_04_08_2003	6999	28.25	100.0
2025_04_08_2004	7019	37.15	97.0
2025_04_08_2005	7039	38.85	109.0
2025_04_08_2006	7059	18.25	93.0
2025_04_08_2007	7079	35.0	96.0
2025_04_08_2007	7099	27.3	107.0
2025_04_08_2008	7119	22.55	86.0
2025_04_08_2009	7139	29.75	108.0
2025_04_08_2010	7159	37.4	88.0
2025_04_08_2011	7179	35.1	118.0
2025_04_08_2011	7199	15.65	70.0
2025_04_08_2013	7219	26.35	89.0
2025_04_08_2013	7239	45.2	150.0
2025_04_08_2014	7259	31.45	92.0
2025_04_08_2015	7279	28.3	148.0
2025_04_08_2016	7299	43.2	93.0
2025_04_08_2017	7319	28.35	92.0
2025_04_08_2018	7339	26.8	97.0
2025_04_08_2019	7359	32.95	78.0
2025_04_08_2020	7379	16.1	76.0
2025_04_08_2020	7399	38.0	89.0
2025_04_08_2021	7419	38.05	96.0
2025_04_08_2022	7439	33.4	96.0
2025_04_08_2023	7459	26.75	86.0
2025_04_08_2024	7479	40.4	98.0
2025_04_08_2025	7499	44.45	95.0
2025_04_08_2026	7519	35.15	104.0
2025_04_08_2027	7539	25.2	106.0
2025_04_08_2028	7559	27.35	90.0
2025_04_08_2028	7579	19.55	73.0
2025_04_08_2030	7599	34.05	94.0
2025_04_08_2030	7619	36.9	89.0
2025_04_08_2031	7639	28.5	80.0
2025_04_08_2032	7659	37.65	99.0
2025_04_08_2033	7679	27.4	95.0
2025_04_08_2034	7699	27.85	99.0
2025_04_08_2035	7719	31.65	87.0
2025_04_08_2036	7739	41.8	100.0
2025_04_08_2037	7759	32.5	95.0
2025_04_08_2037	7779	38.2	110.0
2025_04_08_2038	7799	34.95	102.0
2025_04_08_2039	7819	29.15	92.0
2025_04_08_2040	7839	25.85	78.0
2025_04_08_2041	7859	38.35	98.0
2025_04_08_2042	7879	52.2	103.0
2025_04_08_2043	7899	31.15	85.0
2025_04_08_2044	7919	36.4	130.0
2025_04_08_2044	7939	26.4	78.0
2025_04_08_2045	7959	30.85	97.0
2025_04_08_2046	7979	27.2	77.0
2025_04_08_2047	7999	28.6	106.0
2025_04_08_2048	8019	21.8	71.0
2025_04_08_2049	8039	37.05	97.0
2025_04_08_2049	8059	37.25	88.0
2025_04_08_2051	8079	38.95	104.0
2025_04_08_2051	8099	38.2	99.0
2025_04_08_2052	8119	53.8	120.0
2025_04_08_2054	8139	50.5	82.0
2025_04_08_2054	8159	48.75	94.0
2025_04_08_2055	8179	50.4	96.0
2025_04_08_2056	8199	56.45	112.0
2025_04_08_2057	8219	48.3	102.0
2025_04_08_2058	8239	35.75	85.0
2025_04_08_2059	8259	48.95	89.0
2025_04_08_2100	8279	33.2	80.0
2025_04_08_2101	8299	29.8	88.0
2025_04_08_2101	8319	30.75	86.0
2025_04_08_2102	8339	25.4	101.0
2025_04_08_2103	8359	24.55	78.0
2025_04_08_2104	8379	20.7	63.0
2025_04_08_2105	8399	19.0	25.0
2025_04_08_2105	8419	35.15	86.0
2025_04_08_2106	8439	23.7	95.0
2025_04_08_2107	8459	36.2	95.0
2025_04_08_2108	8479	34.05	80.0
2025_04_08_2109	8499	48.85	98.0
2025_04_08_2110	8519	38.35	92.0
2025_04_08_2111	8539	36.25	83.0
2025_04_08_2111	8559	23.75	85.0
2025_04_08_2112	8579	41.3	117.0
2025_04_08_2113	8599	29.75	91.0
2025_04_08_2114	8619	31.65	94.0
2025_04_08_2115	8639	31.75	95.0
2025_04_08_2116	8659	28.7	90.0
2025_04_08_2116	8679	41.0	100.0
2025_04_08_2117	8699	26.8	85.0
2025_04_08_2118	8719	20.5	70.0
2025_04_08_2119	8739	42.7	93.0
2025_04_08_2120	8759	32.55	98.0
2025_04_08_2121	8779	42.2	101.0
2025_04_08_2122	8799	41.95	95.0
2025_04_08_2122	8819	34.3	87.0
2025_04_08_2123	8839	35.7	90.0
2025_04_08_2124	8859	49.9	99.0
2025_04_08_2125	8879	53.55	97.0
2025_04_08_2126	8899	55.65	104.0
2025_04_08_2127	8919	34.05	78.0
2025_04_08_2128	8939	27.1	72.0
2025_04_08_2129	8959	31.0	98.0
2025_04_08_2129	8979	30.5	97.0
2025_04_08_2130	8999	47.4	99.0
2025_04_08_2131	9019	32.9	84.0
2025_04_08_2132	9039	53.9	131.0
2025_04_08_2133	9059	51.55	105.0
2025_04_08_2134	9079	46.45	105.0
2025_04_08_2135	9099	50.45	97.0
2025_04_08_2136	9119	50.35	97.0
2025_04_08_2137	9139	37.75	81.0
2025_04_08_2138	9159	39.4	97.0
2025_04_08_2139	9179	36.35	114.0
2025_04_08_2140	9199	61.95	140.0
2025_04_08_2140	9219	37.6	91.0
2025_04_08_2141	9239	48.9	100.0
2025_04_08_2142	9259	28.15	97.0
2025_04_08_2143	9279	45.45	94.0
2025_04_08_2144	9299	36.5	87.0
2025_04_08_2145	9319	43.55	94.0
2025_04_08_2146	9339	38.8	93.0
2025_04_08_2147	9359	50.25	101.0
2025_04_08_2148	9379	36.8	79.0
2025_04_08_2148	9399	44.9	98.0
2025_04_08_2150	9419	48.3	102.0
2025_04_08_2151	9439	57.9	148.0
2025_04_08_2151	9459	46.6	107.0
2025_04_08_2152	9479	66.35	104.0
2025_04_08_2154	9499	47.3	88.0
2025_04_08_2154	9519	41.95	98.0
2025_04_08_2155	9539	42.2	97.0
2025_04_08_2156	9559	43.85	87.0
2025_04_08_2157	9579	45.7	100.0
2025_04_08_2158	9599	38.45	107.0
2025_04_08_2159	9619	47.1	84.0
2025_04_08_2200	9639	49.1	96.0
2025_04_08_2201	9659	43.8	91.0
2025_04_08_2201	9679	27.1	99.0
2025_04_08_2202	9699	26.15	84.0
2025_04_08_2203	9719	31.95	87.0
2025_04_08_2204	9739	30.5	85.0
2025_04_08_2204	9759	33.4	106.0
2025_04_08_2205	9779	32.8	93.0
2025_04_08_2206	9799	27.2	70.0
2025_04_08_2207	9819	42.95	78.0
2025_04_08_2208	9839	36.55	90.0
2025_04_08_2208	9859	41.4	102.0
2025_04_08_2209	9879	49.55	95.0
2025_04_08_2210	9899	28.15	91.0
2025_04_08_2211	9919	44.35	94.0
2025_04_08_2212	9939	50.75	90.0
2025_04_08_2213	9959	50.8	96.0
2025_04_08_2214	9979	37.5	92.0
2025_04_08_2215	9999	37.8	94.0
2025_04_08_2215	10019	47.3	98.0
2025_04_08_2216	10039	43.6	95.0
2025_04_08_2217	10059	41.95	91.0
2025_04_08_2218	10079	47.15	91.0
2025_04_08_2218	10099	37.8	96.0
2025_04_08_2219	10119	37.05	99.0
2025_04_08_2220	10139	41.15	91.0
2025_04_08_2221	10159	25.55	89.0
2025_04_08_2221	10179	38.35	91.0
2025_04_08_2222	10199	25.7	92.0
2025_04_08_2223	10219	44.15	86.0
2025_04_08_2224	10239	35.05	144.0
2025_04_08_2224	10259	33.3	97.0
2025_04_08_2225	10279	62.75	101.0
2025_04_08_2226	10299	53.5	105.0
2025_04_08_2227	10319	59.0	100.0
2025_04_08_2228	10339	42.4	100.0
2025_04_08_2228	10359	31.45	99.0
2025_04_08_2229	10379	38.55	104.0
2025_04_08_2230	10399	34.75	132.0
2025_04_08_2230	10419	42.75	99.0
2025_04_08_2231	10439	33.55	92.0
2025_04_08_2232	10459	37.95	83.0
2025_04_08_2232	10479	31.15	94.0
2025_04_08_2233	10499	53.2	105.0
2025_04_08_2234	10519	41.4	97.0
2025_04_08_2234	10539	42.0	100.0
2025_04_08_2235	10559	42.4	87.0
2025_04_08_2235	10579	32.95	103.0
2025_04_08_2236	10599	41.9	94.0
2025_04_08_2237	10619	51.15	97.0
2025_04_08_2238	10639	43.35	107.0
2025_04_08_2238	10659	31.4	104.0
2025_04_08_2239	10679	40.25	94.0
2025_04_08_2240	10699	28.55	98.0
2025_04_08_2240	10719	34.85	102.0
2025_04_08_2241	10739	34.4	96.0
2025_04_08_2242	10759	34.9	102.0
2025_04_08_2242	10779	30.2	90.0
2025_04_08_2243	10799	30.4	78.0
2025_04_08_2243	10819	42.9	117.0
2025_04_08_2244	10839	46.15	104.0
2025_04_08_2245	10859	22.15	71.0
2025_04_08_2245	10879	47.0	107.0
2025_04_08_2246	10899	44.75	99.0
2025_04_08_2247	10919	48.15	104.0
2025_04_08_2248	10939	48.75	100.0
2025_04_08_2248	10959	42.15	97.0
2025_04_08_2249	10979	36.25	78.0
2025_04_08_2249	10999	34.9	89.0
2025_04_08_2250	11019	39.9	125.0
2025_04_08_2251	11039	42.55	105.0
2025_04_08_2251	11059	38.1	100.0
2025_04_08_2252	11079	41.6	89.0
2025_04_08_2253	11099	44.65	101.0
2025_04_08_2254	11119	47.25	95.0
2025_04_08_2254	11139	51.9	105.0
2025_04_08_2255	11159	34.2	96.0
2025_04_08_2256	11179	34.3	83.0
2025_04_08_2256	11199	41.55	108.0
2025_04_08_2257	11219	31.65	96.0
2025_04_08_2258	11239	45.55	88.0
2025_04_08_2258	11259	37.45	108.0
2025_04_08_2259	11279	45.85	122.0
2025_04_08_2300	11299	56.1	99.0
2025_04_08_2300	11319	44.35	93.0
2025_04_08_2301	11339	45.6	90.0
2025_04_08_2302	11359	50.5	104.0
2025_04_08_2303	11379	44.4	100.0
2025_04_08_2303	11399	47.95	105.0
2025_04_08_2304	11419	32.45	93.0
2025_04_08_2305	11439	45.0	109.0
2025_04_08_2305	11459	37.9	100.0
2025_04_08_2306	11479	41.5	85.0
2025_04_08_2307	11499	42.05	103.0
2025_04_08_2307	11519	23.8	82.0
2025_04_08_2308	11539	21.9	80.0
2025_04_08_2309	11559	23.3	72.0
2025_04_08_2309	11579	34.25	94.0
2025_04_08_2310	11599	48.65	96.0
2025_04_08_2311	11619	42.15	94.0
2025_04_08_2311	11639	37.75	88.0
2025_04_08_2312	11659	40.3	96.0
2025_04_08_2313	11679	34.45	84.0
2025_04_08_2313	11699	28.2	77.0
2025_04_08_2314	11719	35.5	84.0
2025_04_08_2315	11739	32.75	104.0
2025_04_08_2316	11759	37.9	103.0
2025_04_08_2316	11779	62.85	104.0
2025_04_08_2317	11799	38.45	123.0
2025_04_08_2318	11819	44.4	102.0
2025_04_08_2318	11839	30.1	83.0
2025_04_08_2319	11859	40.3	112.0
2025_04_08_2320	11879	39.45	96.0
2025_04_08_2320	11899	28.05	91.0
2025_04_08_2321	11919	42.1	99.0
2025_04_08_2322	11939	39.0	88.0
2025_04_08_2322	11959	50.95	106.0
2025_04_08_2323	11979	39.8	97.0
2025_04_08_2324	11999	50.8	97.0
2025_04_08_2325	12019	31.55	95.0
2025_04_08_2325	12039	31.75	92.0
2025_04_08_2326	12059	28.9	75.0
2025_04_08_2327	12079	41.45	106.0
2025_04_08_2327	12099	42.2	106.0
2025_04_08_2328	12119	40.65	99.0
2025_04_08_2328	12139	24.7	71.0
2025_04_08_2329	12159	49.1	109.0
2025_04_08_2330	12179	18.2	23.0
2025_04_08_2330	12199	42.1	93.0
2025_04_08_2331	12219	38.75	121.0
2025_04_08_2332	12239	47.65	95.0
2025_04_08_2334	12259	48.75	122.0
2025_04_08_2335	12279	42.9	79.0
2025_04_08_2335	12299	48.15	91.0
2025_04_08_2336	12319	66.5	103.0
2025_04_08_2337	12339	55.65	105.0
2025_04_08_2338	12359	62.35	89.0
2025_04_08_2338	12379	50.55	100.0
2025_04_08_2339	12399	52.05	98.0
2025_04_08_2339	12419	60.25	115.0
2025_04_08_2340	12439	69.9	105.0
2025_04_08_2341	12459	64.05	104.0
2025_04_08_2342	12479	58.8	109.0
2025_04_08_2342	12499	63.9	104.0
2025_04_08_2343	12519	65.8	91.0
2025_04_08_2344	12539	66.0	93.0
2025_04_08_2345	12559	69.45	109.0
2025_04_08_2345	12579	64.95	113.0
2025_04_08_2346	12599	63.4	106.0
2025_04_08_2347	12619	68.65	107.0
2025_04_08_2347	12639	66.5	113.0
2025_04_08_2348	12659	40.35	104.0
2025_04_08_2349	12679	52.55	96.0
2025_04_08_2349	12699	41.9	98.0
2025_04_08_2350	12719	56.8	107.0
2025_04_08_2351	12739	57.05	98.0
2025_04_08_2351	12759	55.35	108.0
2025_04_08_2352	12779	62.6	100.0
2025_04_08_2353	12799	40.4	100.0
2025_04_08_2354	12819	58.8	106.0
2025_04_08_2354	12839	64.95	102.0
2025_04_08_2355	12859	82.35	116.0
2025_04_08_2356	12879	59.45	105.0
2025_04_08_2357	12899	61.3	95.0
2025_04_08_2357	12919	47.15	112.0
2025_04_08_2358	12939	53.35	103.0
2025_04_08_2358	12959	56.6	120.0
2025_04_08_2359	12979	53.35	106.0
2025_04_09_0000	12999	41.5	88.0
2025_04_09_0001	13019	70.4	96.0
2025_04_09_0001	13039	71.05	103.0
2025_04_09_0002	13059	57.6	92.0
2025_04_09_0003	13079	66.1	106.0
2025_04_09_0004	13099	65.75	113.0
2025_04_09_0004	13119	59.0	106.0
2025_04_09_0005	13139	52.15	105.0
2025_04_09_0006	13159	46.05	92.0
2025_04_09_0006	13179	62.6	95.0
2025_04_09_0007	13199	56.9	108.0
2025_04_09_0008	13219	59.25	109.0
2025_04_09_0009	13239	71.15	118.0
2025_04_09_0009	13259	61.85	108.0
2025_04_09_0010	13279	62.45	105.0
2025_04_09_0011	13299	71.25	99.0
2025_04_09_0012	13319	70.9	110.0
2025_04_09_0012	13339	61.9	129.0
2025_04_09_0013	13359	57.15	104.0
2025_04_09_0014	13379	70.8	114.0
2025_04_09_0015	13399	65.1	126.0
2025_04_09_0016	13419	64.35	120.0
2025_04_09_0016	13439	56.85	101.0
2025_04_09_0017	13459	38.0	100.0
2025_04_09_0017	13479	48.65	109.0
2025_04_09_0018	13499	43.4	105.0
2025_04_09_0019	13519	52.15	96.0
2025_04_09_0020	13539	59.25	151.0
2025_04_09_0020	13559	50.95	93.0
2025_04_09_0021	13579	52.35	117.0
2025_04_09_0022	13599	50.2	111.0
2025_04_09_0023	13619	40.1	103.0
2025_04_09_0023	13639	61.0	110.0
2025_04_09_0024	13659	66.45	113.0
2025_04_09_0025	13679	53.2	103.0
2025_04_09_0026	13699	39.8	107.0
2025_04_09_0026	13719	37.95	148.0
2025_04_09_0027	13739	45.1	99.0
2025_04_09_0028	13759	52.35	106.0
2025_04_09_0028	13779	52.85	107.0
2025_04_09_0029	13799	48.2	103.0
2025_04_09_0030	13819	58.8	89.0
2025_04_09_0031	13839	42.85	97.0
2025_04_09_0031	13859	47.9	101.0
2025_04_09_0033	13879	55.0	143.0
2025_04_09_0033	13899	55.95	120.0
2025_04_09_0034	13919	71.9	162.0
2025_04_09_0035	13939	63.85	108.0
2025_04_09_0036	13959	57.85	131.0
2025_04_09_0036	13979	74.7	111.0
2025_04_09_0037	13999	55.35	103.0
2025_04_09_0038	14019	63.8	111.0
2025_04_09_0039	14039	54.75	104.0
2025_04_09_0040	14059	55.4	103.0
2025_04_09_0040	14079	51.85	99.0
2025_04_09_0041	14099	61.75	111.0
2025_04_09_0042	14119	66.0	108.0
2025_04_09_0043	14139	69.95	106.0
2025_04_09_0044	14159	63.55	105.0
2025_04_09_0044	14179	68.8	145.0
2025_04_09_0045	14199	68.15	106.0
2025_04_09_0046	14219	71.9	111.0
2025_04_09_0047	14239	59.95	105.0
2025_04_09_0047	14259	51.3	111.0
2025_04_09_0048	14279	48.65	88.0
2025_04_09_0049	14299	65.8	134.0
2025_04_09_0050	14319	67.2	108.0
2025_04_09_0051	14339	75.85	116.0
2025_04_09_0051	14359	61.4	128.0
2025_04_09_0052	14379	40.55	96.0
2025_04_09_0053	14399	55.9	100.0
2025_04_09_0053	14419	32.6	113.0
2025_04_09_0054	14439	43.15	118.0
2025_04_09_0055	14459	47.0	107.0
2025_04_09_0056	14479	43.2	119.0
2025_04_09_0056	14499	51.55	141.0
2025_04_09_0057	14519	59.65	96.0
2025_04_09_0058	14539	44.5	110.0
2025_04_09_0059	14559	77.35	121.0
2025_04_09_0059	14579	56.95	114.0
2025_04_09_0100	14599	57.0	112.0
2025_04_09_0101	14619	67.05	107.0
2025_04_09_0102	14639	56.15	121.0
2025_04_09_0102	14659	73.2	106.0
2025_04_09_0103	14679	68.75	112.0
2025_04_09_0104	14699	54.3	110.0
2025_04_09_0105	14719	53.25	121.0
2025_04_09_0105	14739	50.2	100.0
2025_04_09_0106	14759	47.5	118.0
2025_04_09_0107	14779	68.2	114.0
2025_04_09_0107	14799	59.5	110.0
2025_04_09_0108	14819	40.5	97.0
2025_04_09_0109	14839	58.5	135.0
2025_04_09_0110	14859	65.45	101.0
2025_04_09_0110	14879	72.0	124.0
2025_04_09_0111	14899	44.5	97.0
2025_04_09_0112	14919	63.15	109.0
2025_04_09_0113	14939	56.0	110.0
2025_04_09_0113	14959	59.35	127.0
2025_04_09_0114	14979	42.05	107.0
2025_04_09_0115	14999	33.05	105.0
2025_04_09_0115	15019	48.4	112.0
2025_04_09_0116	15039	46.0	109.0
2025_04_09_0117	15059	53.55	109.0
2025_04_09_0117	15079	44.15	103.0
2025_04_09_0118	15099	39.6	106.0
2025_04_09_0119	15119	44.05	113.0
2025_04_09_0119	15139	29.75	95.0
2025_04_09_0120	15159	45.8	112.0
2025_04_09_0121	15179	45.15	121.0
2025_04_09_0121	15199	49.85	153.0
2025_04_09_0122	15219	46.6	103.0
2025_04_09_0123	15239	58.9	114.0
2025_04_09_0123	15259	29.3	86.0
2025_04_09_0124	15279	39.15	93.0
2025_04_09_0125	15299	50.4	143.0
2025_04_09_0126	15319	54.55	124.0
2025_04_09_0126	15339	37.4	124.0
2025_04_09_0127	15359	36.05	109.0
2025_04_09_0128	15379	49.7	115.0
2025_04_09_0129	15399	67.2	112.0
2025_04_09_0129	15419	50.75	113.0
2025_04_09_0130	15439	66.85	104.0
2025_04_09_0131	15459	38.25	118.0
2025_04_09_0131	15479	48.0	110.0
2025_04_09_0132	15499	71.2	112.0
2025_04_09_0133	15519	53.85	112.0
2025_04_09_0134	15539	38.7	132.0
2025_04_09_0134	15559	39.25	108.0
2025_04_09_0135	15579	26.75	95.0
2025_04_09_0135	15599	51.4	111.0
2025_04_09_0136	15619	45.0	98.0
2025_04_09_0137	15639	50.55	108.0
2025_04_09_0138	15659	37.25	102.0
2025_04_09_0138	15679	42.35	105.0
2025_04_09_0139	15699	62.95	105.0
2025_04_09_0140	15719	46.5	95.0
2025_04_09_0140	15739	43.05	104.0
2025_04_09_0141	15759	58.35	116.0
2025_04_09_0142	15779	50.6	113.0
2025_04_09_0142	15799	66.55	114.0
2025_04_09_0143	15819	55.5	103.0
2025_04_09_0144	15839	74.95	111.0
2025_04_09_0145	15859	66.75	108.0
2025_04_09_0146	15879	75.95	103.0
2025_04_09_0146	15899	76.35	118.0
2025_04_09_0147	15919	61.0	106.0
2025_04_09_0148	15939	44.8	95.0
2025_04_09_0149	15959	67.25	114.0
2025_04_09_0149	15979	52.25	118.0
2025_04_09_0150	15999	51.9	120.0
2025_04_09_0151	16019	69.5	105.0
2025_04_09_0152	16039	80.6	119.0
2025_04_09_0152	16059	64.2	119.0
2025_04_09_0153	16079	67.0	132.0
2025_04_09_0154	16099	76.65	116.0
2025_04_09_0155	16119	85.5	115.0
2025_04_09_0156	16139	78.75	127.0
2025_04_09_0157	16159	78.2	127.0
2025_04_09_0157	16179	80.9	103.0
2025_04_09_0158	16199	77.05	117.0
2025_04_09_0159	16219	80.8	115.0
2025_04_09_0200	16239	80.35	109.0
2025_04_09_0201	16259	82.45	120.0
2025_04_09_0202	16279	81.2	115.0
2025_04_09_0202	16299	59.7	112.0
2025_04_09_0203	16319	76.15	123.0
2025_04_09_0205	16339	76.0	113.0
2025_04_09_0206	16359	83.45	106.0
2025_04_09_0207	16379	94.3	123.0
2025_04_09_0208	16399	83.8	161.0
2025_04_09_0208	16419	97.45	151.0
2025_04_09_0209	16439	79.6	143.0
2025_04_09_0210	16459	77.6	124.0
2025_04_09_0211	16479	77.6	141.0
2025_04_09_0212	16499	66.55	120.0
2025_04_09_0212	16519	73.75	104.0
