2025_03_22_1056	19	4.65	7.0
2025_03_22_1057	39	4.3	7.0
2025_03_22_1057	59	5.65	11.0
2025_03_22_1057	79	4.95	10.0
2025_03_22_1058	99	5.05	9.0
2025_03_22_1100	119	4.55	13.0
2025_03_22_1101	139	5.8	14.0
2025_03_22_1102	159	8.7	16.0
2025_03_22_1103	179	5.85	15.0
2025_03_22_1104	199	7.8	14.0
2025_03_22_1105	219	9.15	16.0
2025_03_22_1107	239	10.2	19.0
2025_03_22_1108	259	10.9	18.0
2025_03_22_1109	279	9.75	15.0
2025_03_22_1111	299	12.1	20.0
2025_03_22_1112	319	10.55	18.0
2025_03_22_1113	339	12.0	19.0
2025_03_22_1115	359	13.6	23.0
2025_03_22_1116	379	15.35	24.0
2025_03_22_1118	399	18.65	25.0
2025_03_22_1119	419	19.1	24.0
2025_03_22_1121	439	17.65	26.0
2025_03_22_1123	459	18.55	23.0
2025_03_22_1124	479	19.3	25.0
2025_03_22_1125	499	20.45	27.0
2025_03_22_1127	519	20.75	25.0
2025_03_22_1128	539	20.95	24.0
2025_03_22_1130	559	21.1	24.0
2025_03_22_1132	579	21.3	26.0
2025_03_22_1133	599	21.6	27.0
2025_03_22_1135	619	22.4	26.0
2025_03_22_1136	639	22.05	26.0
2025_03_22_1139	659	21.1	25.0
2025_03_22_1140	679	22.7	26.0
2025_03_22_1142	699	21.75	25.0
2025_03_22_1143	719	22.95	26.0
2025_03_22_1146	739	22.95	27.0
2025_03_22_1147	759	23.45	27.0
2025_03_22_1149	779	23.5	27.0
2025_03_22_1151	799	23.55	26.0
2025_03_22_1152	819	24.4	26.0
2025_03_22_1155	839	23.65	26.0
2025_03_22_1156	859	25.05	27.0
2025_03_22_1158	879	24.75	26.0
2025_03_22_1200	899	24.2	27.0
2025_03_22_1202	919	24.9	27.0
2025_03_22_1204	939	24.05	26.0
2025_03_22_1206	959	24.45	27.0
2025_03_22_1208	979	23.45	27.0
2025_03_22_1210	999	24.0	27.0
2025_03_22_1212	1019	29.15	88.0
2025_03_22_1214	1039	24.0	31.0
2025_03_22_1216	1059	24.65	27.0
2025_03_22_1218	1079	30.65	111.0
2025_03_22_1220	1099	23.25	26.0
2025_03_22_1222	1119	23.45	27.0
2025_03_22_1224	1139	27.35	84.0
2025_03_22_1226	1159	27.6	83.0
2025_03_22_1228	1179	23.8	28.0
2025_03_22_1230	1199	27.95	74.0
2025_03_22_1232	1219	24.0	26.0
2025_03_22_1234	1239	25.0	29.0
2025_03_22_1236	1259	27.6	86.0
2025_03_22_1238	1279	28.45	91.0
2025_03_22_1240	1299	31.1	82.0
2025_03_22_1242	1319	32.9	101.0
2025_03_22_1244	1339	28.95	88.0
2025_03_22_1246	1359	25.45	29.0
2025_03_22_1248	1379	24.95	28.0
2025_03_22_1250	1399	30.15	91.0
2025_03_22_1252	1419	25.75	27.0
2025_03_22_1254	1439	25.4	27.0
2025_03_22_1256	1459	35.85	112.0
2025_03_22_1258	1479	32.9	107.0
2025_03_22_1300	1499	28.9	100.0
2025_03_22_1302	1519	31.25	95.0
2025_03_22_1304	1539	27.85	90.0
2025_03_22_1306	1559	32.4	105.0
2025_03_22_1308	1579	30.3	86.0
2025_03_22_1310	1599	23.15	27.0
2025_03_22_1312	1619	26.2	78.0
2025_03_22_1314	1639	36.3	101.0
2025_03_22_1316	1659	38.0	111.0
2025_03_22_1318	1679	40.0	99.0
2025_03_22_1320	1699	25.2	27.0
2025_03_22_1322	1719	28.25	85.0
2025_03_22_1324	1739	36.3	83.0
2025_03_22_1326	1759	42.4	92.0
2025_03_22_1328	1779	40.0	101.0
2025_03_22_1330	1799	35.0	98.0
2025_03_22_1332	1819	32.15	105.0
2025_03_22_1334	1839	30.95	94.0
2025_03_22_1336	1859	47.75	105.0
2025_03_22_1338	1879	34.25	83.0
2025_03_22_1340	1899	46.4	99.0
2025_03_22_1343	1919	31.05	82.0
2025_03_22_1345	1939	40.5	89.0
2025_03_22_1347	1959	46.35	96.0
2025_03_22_1349	1979	47.3	106.0
2025_03_22_1352	1999	43.4	100.0
2025_03_22_1353	2019	35.95	85.0
2025_03_22_1355	2039	34.95	90.0
2025_03_22_1357	2059	31.05	81.0
2025_03_22_1359	2079	29.8	105.0
2025_03_22_1401	2099	26.2	30.0
2025_03_22_1403	2119	26.5	30.0
2025_03_22_1404	2139	38.1	100.0
2025_03_22_1406	2159	28.8	84.0
2025_03_22_1408	2179	26.4	29.0
2025_03_22_1410	2199	26.25	28.0
2025_03_22_1411	2219	25.8	27.0
2025_03_22_1413	2239	28.25	77.0
2025_03_22_1415	2259	32.15	94.0
2025_03_22_1417	2279	31.25	86.0
2025_03_22_1418	2299	30.65	79.0
2025_03_22_1420	2319	26.35	29.0
2025_03_22_1421	2339	28.5	82.0
2025_03_22_1424	2359	28.2	85.0
2025_03_22_1425	2379	30.7	92.0
2025_03_22_1427	2399	38.7	107.0
2025_03_22_1429	2419	31.75	86.0
2025_03_22_1431	2439	25.5	28.0
2025_03_22_1433	2459	29.7	96.0
2025_03_22_1434	2479	27.7	75.0
2025_03_22_1436	2499	25.6	27.0
2025_03_22_1438	2519	28.85	81.0
2025_03_22_1440	2539	32.95	101.0
2025_03_22_1442	2559	34.55	91.0
2025_03_22_1444	2579	28.45	72.0
2025_03_22_1446	2599	26.0	28.0
2025_03_22_1448	2619	34.25	98.0
2025_03_22_1450	2639	45.0	155.0
2025_03_22_1452	2659	36.45	90.0
2025_03_22_1454	2679	37.7	141.0
2025_03_22_1456	2699	28.85	103.0
2025_03_22_1458	2719	35.8	92.0
2025_03_22_1500	2739	36.25	88.0
2025_03_22_1501	2759	43.85	104.0
2025_03_22_1503	2779	33.75	126.0
2025_03_22_1506	2799	42.55	93.0
2025_03_22_1508	2819	40.8	111.0
2025_03_22_1509	2839	37.4	117.0
2025_03_22_1511	2859	43.15	95.0
2025_03_22_1514	2879	59.2	144.0
2025_03_22_1516	2899	51.6	93.0
2025_03_22_1518	2919	39.05	95.0
2025_03_22_1520	2939	56.0	112.0
2025_03_22_1523	2959	59.45	112.0
2025_03_22_1525	2979	69.2	156.0
2025_03_22_1527	2999	51.5	137.0
2025_03_22_1528	3019	46.0	150.0
2025_03_22_1531	3039	66.65	171.0
2025_03_22_1533	3059	48.5	142.0
2025_03_22_1535	3079	77.9	151.0
2025_03_22_1538	3099	88.25	130.0
2025_03_22_1540	3119	73.6	181.0
2025_03_22_1543	3139	85.7	139.0
2025_03_22_1545	3159	88.4	173.0
2025_03_22_1548	3179	79.95	168.0
2025_03_22_1551	3199	101.95	169.0
2025_03_22_1553	3219	101.75	162.0
2025_03_22_1557	3239	96.15	156.0
2025_03_22_1600	3259	109.85	173.0
2025_03_22_1603	3279	92.55	155.0
2025_03_22_1606	3299	84.0	116.0
2025_03_22_1609	3319	86.6	153.0
2025_03_22_1612	3339	89.4	152.0
2025_03_22_1615	3359	92.9	150.0
2025_03_22_1618	3379	89.8	162.0
2025_03_22_1621	3399	99.95	151.0
2025_03_22_1625	3419	87.2	149.0
2025_03_22_1628	3439	98.05	159.0
2025_03_22_1631	3459	95.85	155.0
2025_03_22_1634	3479	111.0	177.0
2025_03_22_1637	3499	103.65	163.0
2025_03_22_1641	3519	97.35	150.0
2025_03_22_1644	3539	94.3	153.0
2025_03_22_1646	3559	105.3	158.0
2025_03_22_1649	3579	85.2	142.0
2025_03_22_1652	3599	106.25	173.0
2025_03_22_1654	3619	107.6	162.0
2025_03_22_1658	3639	104.9	151.0
2025_03_22_1700	3659	99.4	177.0
2025_03_22_1703	3679	113.75	182.0
2025_03_22_1706	3699	102.7	175.0
2025_03_22_1708	3719	101.75	158.0
2025_03_22_1711	3739	94.2	141.0
2025_03_22_1713	3759	95.5	132.0
2025_03_22_1716	3779	107.0	161.0
2025_03_22_1719	3799	109.05	145.0
2025_03_22_1721	3819	99.65	135.0
2025_03_22_1724	3839	113.55	201.0
2025_03_22_1727	3859	96.35	185.0
2025_03_22_1729	3879	101.35	157.0
2025_03_22_1732	3899	105.0	182.0
2025_03_22_1734	3919	96.4	159.0
2025_03_22_1737	3939	88.3	177.0
2025_03_22_1739	3959	102.4	165.0
2025_03_22_1742	3979	106.45	188.0
2025_03_22_1745	3999	113.45	173.0
2025_03_22_1747	4019	109.7	177.0
2025_03_22_1750	4039	102.3	192.0
2025_03_22_1752	4059	114.05	168.0
2025_03_22_1755	4079	116.45	172.0
2025_03_22_1758	4099	120.5	186.0
2025_03_22_1801	4119	124.6	193.0
2025_03_22_1804	4139	118.6	168.0
2025_03_22_1806	4159	126.25	185.0
2025_03_22_1809	4179	125.25	185.0
2025_03_22_1812	4199	149.9	197.0
2025_03_22_1815	4219	130.65	186.0
2025_03_22_1817	4239	111.9	183.0
2025_03_22_1821	4259	114.7	182.0
2025_03_22_1823	4279	101.95	181.0
2025_03_22_1825	4299	103.85	203.0
2025_03_22_1828	4319	100.35	161.0
2025_03_22_1831	4339	103.65	175.0
2025_03_22_1833	4359	112.6	173.0
2025_03_22_1837	4379	119.8	189.0
2025_03_22_1839	4399	94.85	165.0
2025_03_22_1841	4419	103.25	181.0
2025_03_22_1844	4439	91.75	130.0
2025_03_22_1846	4459	96.8	171.0
2025_03_22_1849	4479	110.45	170.0
2025_03_22_1851	4499	96.75	179.0
2025_03_22_1854	4519	108.05	199.0
2025_03_22_1856	4539	117.85	185.0
2025_03_22_1859	4559	131.2	189.0
2025_03_22_1902	4579	109.9	172.0
2025_03_22_1905	4599	125.2	192.0
2025_03_22_1907	4619	120.7	167.0
2025_03_22_1910	4639	128.2	210.0
2025_03_22_1913	4659	135.6	185.0
2025_03_22_1916	4679	129.75	171.0
2025_03_22_1918	4699	133.4	194.0
2025_03_22_1922	4719	133.35	175.0
2025_03_22_1924	4739	138.55	186.0
2025_03_22_1928	4759	130.6	199.0
2025_03_22_1931	4779	138.65	182.0
2025_03_22_1933	4799	129.85	213.0
2025_03_22_1936	4819	145.05	199.0
2025_03_22_1939	4839	130.25	182.0
2025_03_22_1942	4859	146.9	188.0
2025_03_22_1945	4879	127.2	174.0
2025_03_22_1948	4899	153.65	193.0
2025_03_22_1951	4919	152.1	213.0
2025_03_22_1954	4939	159.1	197.0
2025_03_22_1958	4959	141.2	203.0
2025_03_22_2001	4979	148.05	189.0
2025_03_22_2003	4999	151.45	205.0
2025_03_22_2007	5019	163.4	201.0
2025_03_22_2010	5039	146.05	228.0
2025_03_22_2014	5059	156.7	209.0
2025_03_22_2016	5079	144.25	203.0
2025_03_22_2019	5099	154.8	200.0
2025_03_22_2023	5119	150.3	185.0
2025_03_22_2026	5139	153.15	202.0
2025_03_22_2029	5159	169.8	214.0
2025_03_22_2032	5179	153.35	208.0
2025_03_22_2036	5199	159.4	209.0
2025_03_22_2039	5219	168.2	205.0
2025_03_22_2042	5239	168.45	212.0
2025_03_22_2045	5259	163.65	212.0
2025_03_22_2049	5279	171.2	198.0
2025_03_22_2052	5299	158.75	209.0
2025_03_22_2055	5319	163.7	211.0
2025_03_22_2058	5339	175.0	210.0
2025_03_22_2101	5359	156.2	196.0
2025_03_22_2104	5379	150.35	188.0
2025_03_22_2108	5399	148.2	185.0
2025_03_22_2111	5419	148.5	190.0
2025_03_22_2114	5439	148.05	206.0
2025_03_22_2117	5459	171.85	207.0
2025_03_22_2120	5479	169.7	204.0
2025_03_22_2124	5499	157.65	211.0
2025_03_22_2127	5519	165.95	216.0
2025_03_22_2130	5539	155.7	220.0
2025_03_22_2133	5559	171.15	221.0
2025_03_22_2136	5579	163.5	211.0
2025_03_22_2140	5599	164.6	213.0
2025_03_22_2143	5619	164.85	203.0
2025_03_22_2146	5639	150.85	208.0
2025_03_22_2149	5659	167.25	218.0
2025_03_22_2152	5679	156.75	225.0
2025_03_22_2155	5699	155.3	192.0
2025_03_22_2158	5719	169.3	208.0
2025_03_22_2202	5739	164.35	221.0
2025_03_22_2205	5759	174.8	206.0
2025_03_22_2208	5779	164.15	206.0
2025_03_22_2211	5799	158.1	207.0
2025_03_22_2214	5819	160.7	210.0
2025_03_22_2217	5839	157.25	207.0
2025_03_22_2220	5859	172.95	195.0
2025_03_22_2224	5879	159.4	217.0
2025_03_22_2227	5899	163.2	212.0
2025_03_22_2230	5919	171.35	220.0
2025_03_22_2234	5939	170.6	213.0
2025_03_22_2236	5959	152.6	223.0
2025_03_22_2240	5979	156.4	251.0
2025_03_22_2243	5999	170.05	209.0
2025_03_22_2246	6019	154.55	186.0
2025_03_22_2249	6039	168.05	211.0
2025_03_22_2252	6059	171.95	212.0
2025_03_22_2256	6079	161.25	237.0
2025_03_22_2259	6099	176.5	264.0
2025_03_22_2302	6119	156.85	194.0
2025_03_22_2305	6139	179.3	219.0
2025_03_22_2308	6159	172.85	201.0
2025_03_22_2312	6179	166.75	204.0
2025_03_22_2314	6199	163.55	209.0
2025_03_22_2318	6219	160.65	209.0
2025_03_22_2321	6239	156.0	197.0
2025_03_22_2324	6259	171.35	216.0
2025_03_22_2327	6279	172.8	222.0
2025_03_22_2330	6299	173.95	216.0
2025_03_22_2334	6319	175.2	224.0
2025_03_22_2337	6339	168.8	221.0
2025_03_22_2339	6359	167.25	273.0
2025_03_22_2343	6379	168.3	206.0
2025_03_22_2346	6399	164.4	215.0
2025_03_22_2350	6419	167.4	218.0
2025_03_22_2352	6439	172.0	206.0
2025_03_22_2356	6459	170.45	272.0
2025_03_22_2359	6479	173.9	217.0
2025_03_23_0002	6499	173.25	278.0
2025_03_23_0006	6519	165.95	220.0
2025_03_23_0008	6539	148.15	219.0
2025_03_23_0012	6559	172.55	233.0
2025_03_23_0015	6579	167.65	227.0
2025_03_23_0018	6599	175.15	207.0
2025_03_23_0021	6619	175.95	214.0
2025_03_23_0024	6639	177.55	273.0
2025_03_23_0028	6659	173.9	271.0
2025_03_23_0031	6679	168.8	202.0
2025_03_23_0034	6699	173.25	248.0
2025_03_23_0037	6719	174.55	218.0
2025_03_23_0040	6739	171.0	239.0
2025_03_23_0044	6759	176.65	214.0
2025_03_23_0047	6779	174.6	254.0
2025_03_23_0051	6799	179.1	206.0
2025_03_23_0054	6819	180.1	218.0
2025_03_23_0057	6839	172.65	209.0
2025_03_23_0100	6859	173.0	227.0
2025_03_23_0103	6879	180.65	246.0
2025_03_23_0107	6899	175.75	250.0
2025_03_23_0109	6919	178.9	211.0
2025_03_23_0113	6939	180.05	253.0
2025_03_23_0116	6959	176.1	231.0
2025_03_23_0119	6979	172.15	235.0
2025_03_23_0123	6999	169.75	235.0
2025_03_23_0126	7019	180.35	241.0
2025_03_23_0129	7039	166.95	242.0
2025_03_23_0132	7059	177.45	242.0
2025_03_23_0135	7079	169.65	244.0
2025_03_23_0139	7099	172.1	223.0
2025_03_23_0142	7119	179.95	236.0
2025_03_23_0146	7139	178.9	242.0
2025_03_23_0148	7159	171.1	232.0
2025_03_23_0152	7179	173.1	245.0
2025_03_23_0155	7199	192.05	242.0
2025_03_23_0158	7219	182.3	246.0
2025_03_23_0202	7239	176.5	213.0
2025_03_23_0205	7259	178.45	245.0
2025_03_23_0208	7279	179.9	248.0
2025_03_23_0211	7299	173.0	209.0
2025_03_23_0214	7319	175.6	248.0
2025_03_23_0217	7339	169.45	206.0
2025_03_23_0220	7359	175.3	202.0
2025_03_23_0224	7379	155.05	220.0
2025_03_23_0227	7399	189.75	266.0
2025_03_23_0230	7419	164.8	231.0
2025_03_23_0233	7439	162.55	241.0
2025_03_23_0236	7459	172.8	246.0
2025_03_23_0240	7479	171.4	235.0
2025_03_23_0242	7499	171.2	191.0
2025_03_23_0246	7519	167.0	236.0
2025_03_23_0249	7539	176.7	250.0
2025_03_23_0252	7559	181.95	259.0
2025_03_23_0256	7579	161.95	238.0
2025_03_23_0259	7599	167.5	201.0
2025_03_23_0302	7619	185.4	242.0
2025_03_23_0305	7639	180.9	242.0
2025_03_23_0308	7659	164.75	203.0
2025_03_23_0312	7679	178.05	248.0
2025_03_23_0315	7699	182.9	248.0
2025_03_23_0318	7719	158.0	251.0
2025_03_23_0321	7739	165.15	254.0
2025_03_23_0324	7759	172.35	246.0
2025_03_23_0328	7779	162.7	222.0
2025_03_23_0331	7799	166.8	236.0
2025_03_23_0334	7819	171.3	247.0
2025_03_23_0337	7839	173.1	244.0
2025_03_23_0341	7859	168.35	239.0
2025_03_23_0344	7879	195.6	254.0
2025_03_23_0347	7899	182.3	254.0
2025_03_23_0350	7919	175.75	248.0
2025_03_23_0353	7939	173.8	230.0
2025_03_23_0357	7959	169.2	248.0
2025_03_23_0400	7979	185.65	247.0
2025_03_23_0403	7999	173.0	202.0
2025_03_23_0407	8019	185.25	251.0
2025_03_23_0410	8039	176.0	233.0
2025_03_23_0413	8059	182.7	246.0
2025_03_23_0416	8079	169.7	208.0
2025_03_23_0420	8099	182.0	242.0
2025_03_23_0423	8119	186.2	247.0
2025_03_23_0426	8139	181.25	287.0
2025_03_23_0430	8159	181.45	285.0
2025_03_23_0433	8179	177.35	233.0
2025_03_23_0437	8199	190.15	277.0
2025_03_23_0440	8219	192.05	242.0
2025_03_23_0444	8239	193.15	277.0
2025_03_23_0447	8259	182.2	248.0
2025_03_23_0450	8279	174.25	248.0
2025_03_23_0453	8299	182.5	253.0
2025_03_23_0457	8319	187.15	245.0
2025_03_23_0500	8339	173.35	240.0
2025_03_23_0503	8359	196.55	282.0
2025_03_23_0507	8379	193.55	250.0
2025_03_23_0510	8399	174.35	246.0
2025_03_23_0513	8419	192.0	247.0
2025_03_23_0517	8439	173.55	246.0
2025_03_23_0520	8459	183.65	246.0
2025_03_23_0524	8479	185.55	253.0
2025_03_23_0527	8499	198.5	243.0
2025_03_23_0530	8519	169.85	250.0
2025_03_23_0533	8539	184.0	267.0
2025_03_23_0537	8559	195.25	249.0
2025_03_23_0541	8579	198.15	249.0
2025_03_23_0544	8599	195.1	281.0
2025_03_23_0548	8619	189.0	260.0
2025_03_23_0551	8639	207.9	258.0
2025_03_23_0555	8659	187.3	243.0
2025_03_23_0558	8679	201.5	259.0
2025_03_23_0602	8699	185.95	249.0
2025_03_23_0606	8719	198.6	250.0
2025_03_23_0609	8739	194.5	257.0
2025_03_23_0612	8759	173.45	242.0
2025_03_23_0615	8779	192.1	251.0
2025_03_23_0619	8799	184.0	246.0
2025_03_23_0623	8819	197.65	252.0
2025_03_23_0626	8839	186.5	270.0
2025_03_23_0630	8859	204.0	248.0
2025_03_23_0633	8879	177.65	226.0
2025_03_23_0636	8899	182.3	247.0
2025_03_23_0640	8919	193.15	277.0
2025_03_23_0643	8939	189.9	249.0
2025_03_23_0647	8959	191.0	252.0
2025_03_23_0650	8979	174.9	247.0
2025_03_23_0653	8999	180.5	255.0
2025_03_23_0657	9019	183.25	252.0
2025_03_23_0700	9039	175.95	264.0
2025_03_23_0704	9059	202.4	256.0
2025_03_23_0707	9079	196.8	271.0
2025_03_23_0710	9099	196.4	285.0
2025_03_23_0714	9119	183.8	243.0
2025_03_23_0717	9139	189.75	265.0
2025_03_23_0721	9159	187.2	251.0
2025_03_23_0725	9179	206.8	285.0
2025_03_23_0728	9199	176.15	255.0
2025_03_23_0732	9219	195.25	249.0
2025_03_23_0735	9239	192.15	263.0
2025_03_23_0739	9259	187.25	253.0
2025_03_23_0742	9279	204.8	258.0
2025_03_23_0745	9299	175.8	250.0
2025_03_23_0748	9319	178.55	246.0
2025_03_23_0752	9339	188.85	248.0
2025_03_23_0756	9359	195.95	246.0
2025_03_23_0759	9379	182.05	275.0
2025_03_23_0803	9399	204.7	269.0
2025_03_23_0806	9419	169.4	246.0
2025_03_23_0810	9439	180.55	239.0
2025_03_23_0813	9459	187.55	246.0
2025_03_23_0817	9479	189.1	246.0
2025_03_23_0820	9499	199.9	249.0
2025_03_23_0824	9519	195.25	265.0
2025_03_23_0827	9539	212.7	251.0
2025_03_23_0831	9559	180.15	252.0
2025_03_23_0835	9579	209.45	260.0
2025_03_23_0838	9599	174.8	246.0
2025_03_23_0842	9619	187.3	242.0
2025_03_23_0845	9639	190.25	251.0
2025_03_23_0848	9659	178.75	253.0
2025_03_23_0852	9679	195.0	249.0
2025_03_23_0855	9699	189.1	269.0
2025_03_23_0859	9719	204.95	253.0
2025_03_23_0903	9739	203.05	299.0
2025_03_23_0906	9759	199.75	245.0
2025_03_23_0910	9779	193.3	256.0
2025_03_23_0913	9799	199.3	252.0
2025_03_23_0916	9819	190.4	251.0
2025_03_23_0920	9839	185.7	247.0
2025_03_23_0923	9859	206.5	285.0
2025_03_23_0927	9879	197.3	278.0
2025_03_23_0930	9899	199.55	255.0
2025_03_23_0934	9919	189.7	259.0
2025_03_23_0937	9939	202.3	250.0
2025_03_23_0941	9959	195.35	258.0
2025_03_23_0944	9979	192.65	296.0
2025_03_23_0947	9999	189.25	248.0
2025_03_23_0952	10019	205.3	299.0
2025_03_23_0955	10039	205.45	246.0
2025_03_23_0959	10059	193.8	243.0
2025_03_23_1002	10079	210.85	250.0
2025_03_23_1006	10099	193.45	251.0
2025_03_23_1010	10119	208.75	253.0
2025_03_23_1013	10139	197.8	258.0
2025_03_23_1017	10159	184.35	247.0
2025_03_23_1020	10179	189.8	247.0
2025_03_23_1023	10199	191.35	248.0
2025_03_23_1027	10219	185.65	244.0
2025_03_23_1031	10239	194.8	251.0
2025_03_23_1034	10259	191.0	246.0
2025_03_23_1037	10279	193.15	251.0
2025_03_23_1041	10299	202.85	260.0
2025_03_23_1045	10319	197.4	247.0
2025_03_23_1048	10339	193.95	264.0
2025_03_23_1052	10359	196.2	245.0
2025_03_23_1055	10379	198.75	247.0
2025_03_23_1058	10399	187.5	251.0
2025_03_23_1102	10419	186.5	247.0
2025_03_23_1105	10439	186.7	247.0
2025_03_23_1109	10459	189.6	271.0
2025_03_23_1112	10479	190.25	278.0
2025_03_23_1115	10499	200.55	273.0
2025_03_23_1118	10519	191.1	258.0
2025_03_23_1122	10539	190.85	282.0
2025_03_23_1126	10559	201.1	242.0
2025_03_23_1133	10579	184.0	247.0
2025_03_23_1142	10599	184.9	255.0
2025_03_23_1150	10619	193.55	247.0
2025_03_23_1159	10639	193.55	279.0
2025_03_23_1207	10659	202.6	270.0
2025_03_23_1218	10679	202.35	249.0
2025_03_23_1225	10699	185.35	281.0
2025_03_23_1236	10719	177.45	254.0
2025_03_23_1244	10739	190.05	244.0
2025_03_23_1255	10759	204.3	253.0
2025_03_23_1310	10779	192.6	244.0
2025_03_23_1320	10799	188.2	260.0
2025_03_23_1335	10819	187.7	244.0
2025_03_23_1346	10839	198.6	248.0
2025_03_23_1401	10859	191.0	248.0
2025_03_23_1412	10879	205.65	273.0
2025_03_23_1428	10899	220.9	301.0
2025_03_23_1438	10919	190.15	252.0
2025_03_23_1453	10939	192.0	249.0
2025_03_23_1504	10959	193.05	252.0
2025_03_23_1515	10979	179.15	247.0
2025_03_23_1528	10999	190.4	250.0
2025_03_23_1532	11019	194.8	245.0
2025_03_23_1537	11039	177.35	273.0
2025_03_23_1542	11059	201.95	252.0
2025_03_23_1547	11079	201.05	259.0
2025_03_23_1552	11099	194.2	254.0
