0	0
1	1
2	2
3	3
4	4
5	5
6	6
7	7
8	8
9	9
10	10
11	11
12	12
13	1
14	1
15	10
16	13
17	8
18	14
19	15
20	16
21	17
22	18
23	16
24	19
25	16
26	0
27	20
28	21
29	22
30	2
31	6
32	23
33	24
34	25
35	26
36	27
37	27
38	6
39	17
40	28
41	29
42	30
43	31
44	32
45	33
46	12
47	11
48	34
49	11
50	35
51	36
52	37
53	27
54	38
55	39
56	40
57	41
58	5
59	25
60	42
61	43
62	44
63	9
64	13
65	11
66	3
67	45
68	46
69	47
70	48
71	15
72	49
73	50
74	51
75	52
76	53
77	54
78	45
79	47
80	47
81	55
82	56
83	57
84	58
85	59
86	20
87	60
88	61
89	62
90	63
91	43
92	42
93	64
94	65
95	66
96	3
97	3
98	67
99	16
100	49
101	68
102	69
103	70
104	71
105	72
106	73
107	74
108	75
109	76
110	77
111	27
112	27
113	78
114	9
115	36
116	21
117	70
118	24
119	61
120	3
121	79
122	80
123	81
124	44
125	82
126	44
127	76
128	83
129	84
130	85
131	86
132	87
133	88
134	24
135	89
136	90
63	9
137	91
138	92
139	93
140	34
141	42
142	94
143	95
144	96
145	97
146	72
147	79
148	98
149	99
150	27
151	15
152	43
153	100
154	61
155	101
156	102
157	103
158	18
159	34
160	6
161	64
162	104
163	49
164	10
165	105
166	106
167	107
168	108
169	109
170	90
171	77
172	110
173	111
174	83
175	112
176	38
177	113
178	114
179	1
180	79
181	115
182	116
183	117
184	70
173	111
185	118
186	38
187	27
188	74
189	119
190	120
191	38
192	121
193	35
194	93
195	122
196	123
197	80
198	124
199	125
200	126
98	67
201	1
202	123
203	70
204	84
205	127
206	11
207	41
208	128
209	112
210	129
211	130
212	131
213	132
214	84
215	42
216	133
217	72
218	134
219	106
220	135
221	115
222	32
223	18
224	97
225	136
226	137
227	138
228	44
229	139
230	140
231	28
232	141
233	141
234	45
235	140
236	141
237	142
238	143
239	133
240	144
241	88
242	121
243	145
244	146
245	147
246	80
247	148
248	149
249	42
250	150
251	52
252	126
253	48
254	46
255	151
256	152
257	153
258	154
259	126
260	80
261	153
262	155
263	81
264	156
265	16
266	157
267	158
268	159
269	104
270	18
271	97
272	160
273	18
274	161
275	27
276	162
277	163
278	18
279	38
280	125
281	30
282	24
283	0
284	158
285	18
286	0
287	164
288	165
289	166
290	167
291	168
292	169
293	170
294	171
295	71
296	172
297	173
144	96
298	174
299	175
300	176
301	103
302	48
303	132
304	129
305	177
306	10
307	178
308	25
309	160
310	179
311	180
312	181
313	182
314	84
315	183
316	115
317	184
318	185
319	54
320	48
321	186
322	187
323	188
324	18
325	189
326	190
327	191
328	192
329	184
330	85
331	16
332	5
333	16
334	16
335	193
336	171
337	194
338	90
339	195
340	196
341	197
342	198
343	61
344	199
345	125
346	15
347	29
348	164
349	25
350	43
351	200
352	127
353	201
354	32
355	48
356	202
357	201
358	68
359	130
360	128
361	203
362	169
363	204
364	11
365	205
366	125
367	38
368	97
369	43
370	129
371	206
372	207
373	155
374	107
375	119
376	164
377	208
378	127
379	125
380	209
381	210
382	211
245	147
383	212
384	84
385	213
386	214
387	155
100	49
388	43
389	83
390	115
391	72
392	150
393	215
394	216
395	217
396	218
397	217
398	25
399	219
400	164
401	219
402	150
403	220
404	221
405	222
406	21
407	130
408	14
409	41
410	223
411	224
412	225
413	226
414	227
415	228
416	229
417	230
418	153
419	231
420	157
421	232
422	148
423	52
424	37
425	68
426	149
427	51
428	233
429	208
430	214
431	234
432	24
433	118
434	64
435	235
436	236
437	102
438	230
439	60
440	205
441	230
442	219
443	48
444	237
445	174
446	133
447	238
448	2
449	205
450	171
451	239
452	240
453	241
454	242
455	155
456	243
457	80
458	244
459	105
460	50
461	245
462	246
463	247
464	157
465	248
466	249
467	250
468	216
469	251
470	94
471	183
472	163
473	30
474	252
475	253
476	254
477	24
478	255
479	98
480	65
481	145
482	49
483	256
484	257
485	258
486	14
487	105
488	259
489	83
490	108
491	260
492	190
493	261
494	176
495	215
496	262
497	84
498	220
499	148
500	263
501	25
502	90
503	205
504	264
505	116
506	265
507	266
508	267
509	268
510	269
511	42
512	38
513	79
514	121
515	11
516	203
517	27
518	127
519	230
520	238
521	199
522	270
523	112
524	205
525	38
526	207
527	30
528	271
529	192
530	111
531	272
532	38
533	273
534	274
535	128
536	139
537	275
538	276
539	277
540	278
541	227
542	279
543	280
544	281
545	215
546	282
547	283
548	197
549	93
550	284
551	10
552	208
553	276
554	285
555	278
556	286
557	21
558	166
559	287
560	288
561	2
562	289
563	290
564	199
565	222
566	93
567	291
568	93
569	13
570	29
571	292
572	49
573	293
574	84
575	168
576	38
308	25
577	199
578	294
579	295
580	93
581	215
582	291
583	296
584	273
585	297
586	88
587	24
588	271
589	38
590	298
591	0
592	78
593	299
594	103
595	69
596	222
597	84
598	132
599	300
600	291
601	301
602	238
603	302
604	303
605	130
606	304
607	305
608	306
609	154
610	158
611	307
612	308
613	309
614	199
615	310
616	311
617	188
618	269
619	312
620	313
621	314
622	315
623	306
624	158
625	316
626	18
627	189
628	203
629	229
630	317
631	318
632	38
633	319
634	219
635	174
636	320
637	38
638	44
639	84
210	129
640	321
641	322
642	323
643	166
644	30
645	234
646	324
647	325
648	199
649	133
650	71
651	78
652	36
653	326
654	327
655	328
656	329
657	32
658	330
659	212
660	271
661	215
662	215
663	199
664	331
665	47
666	68
667	32
668	332
669	323
670	333
671	334
672	317
673	335
674	206
675	336
676	177
677	189
678	95
679	38
680	320
681	119
682	337
683	338
684	65
685	339
686	340
687	341
688	168
689	342
690	343
691	10
692	189
693	344
694	290
695	204
696	170
697	68
698	52
699	30
700	171
701	110
702	345
703	287
704	336
705	182
706	272
707	346
708	79
709	347
710	164
711	238
712	348
713	349
714	25
715	126
716	78
717	350
718	158
719	167
720	351
721	89
722	199
723	352
724	150
725	353
726	283
727	93
728	164
729	354
730	234
731	355
732	37
733	356
734	357
735	308
736	133
737	358
738	359
739	360
740	361
741	85
742	362
743	363
744	364
745	273
746	365
747	366
748	200
749	367
750	317
751	368
752	369
753	325
754	370
755	131
756	371
757	294
758	372
759	373
760	374
761	375
762	30
763	176
764	369
765	358
766	376
767	96
768	350
769	295
770	343
771	98
772	377
773	378
774	215
17	8
775	51
776	208
777	379
778	380
779	381
780	382
781	383
782	354
783	384
784	84
785	385
786	335
787	386
788	387
789	30
790	388
791	389
792	390
793	391
794	325
795	46
796	196
797	355
798	392
799	298
800	157
801	346
802	80
803	215
804	393
805	331
806	394
807	49
808	25
809	395
810	396
811	238
812	397
813	43
814	343
815	189
816	398
817	105
818	51
819	278
820	399
821	400
822	115
823	80
824	179
825	273
826	401
827	164
828	402
829	126
830	276
831	179
832	168
833	188
834	168
835	213
836	43
837	403
838	373
839	196
840	97
841	404
842	68
843	405
844	406
845	248
846	407
847	408
848	409
849	71
850	306
851	410
852	411
853	325
854	225
855	164
856	132
857	412
858	413
859	414
860	415
861	416
862	73
863	297
864	417
865	364
866	327
867	418
868	37
869	402
870	381
871	419
872	295
873	20
874	420
875	224
876	356
877	264
878	280
879	35
880	376
881	421
882	325
883	272
884	422
885	249
886	423
887	38
888	211
889	117
890	424
891	292
892	425
893	426
894	427
895	428
896	48
897	429
898	430
899	306
900	431
901	432
902	19
903	13
904	433
905	53
906	295
907	313
908	139
909	51
910	166
911	253
912	34
913	150
914	371
915	200
916	434
917	117
918	435
919	125
920	394
921	14
922	436
923	437
924	438
925	295
926	104
927	403
928	439
929	329
930	440
931	441
932	442
933	72
934	443
935	444
936	445
937	427
938	446
939	447
940	448
941	449
942	450
943	239
944	451
945	27
946	452
947	453
948	325
949	18
950	68
951	454
952	455
953	456
954	272
955	457
956	458
957	258
958	427
959	236
960	459
961	460
962	461
963	462
964	422
965	463
966	292
967	445
968	6
969	464
970	403
971	325
972	465
973	105
974	466
975	339
976	467
977	130
978	325
979	177
980	468
981	61
982	469
983	214
984	405
985	391
986	443
987	470
988	471
989	190
990	472
991	473
992	474
993	475
994	58
995	52
996	164
997	409
998	395
999	476
1000	477
1001	201
1002	478
1003	271
1004	479
1005	300
1006	480
1007	199
1008	481
1009	150
1010	38
1011	96
1012	136
1013	119
1014	68
1015	482
1016	362
1017	218
1018	277
1019	385
1020	140
1021	369
1022	419
1023	140
1024	483
1025	150
1026	201
1027	484
1028	485
1029	130
1030	486
1031	487
1032	488
1033	489
1034	490
1035	491
1036	441
1037	3
1038	297
1039	404
1040	103
1041	51
1042	492
1043	493
1044	355
1045	483
1046	494
1047	371
1048	246
1049	292
1050	210
1051	132
1052	339
1053	119
1054	274
1055	495
1056	273
1057	102
1058	338
1059	73
1060	268
1061	496
1062	497
1063	498
1064	353
1065	481
1066	29
1067	241
1068	498
1069	281
1070	499
1071	400
1072	500
1073	501
1074	502
1075	157
1076	401
1077	423
1078	188
1079	78
1080	503
1081	504
1082	505
1083	506
1084	507
1085	2
1086	105
1087	508
1088	509
1089	369
1090	510
1091	511
1092	512
419	231
1093	513
1094	514
1095	78
1096	334
1097	54
1098	436
1099	186
1100	515
1101	15
1102	36
1103	516
1104	517
1105	518
1106	519
1107	225
1108	278
1109	276
1110	516
1111	520
1112	521
1113	522
1114	156
1115	523
1116	524
1117	291
1118	112
1119	525
1120	206
1121	526
1122	171
1123	200
1124	497
1125	411
1126	527
1127	528
1128	99
1129	529
1130	157
1131	461
1132	530
1133	531
1134	326
1135	532
1136	533
1137	534
1138	535
1139	467
1140	186
1141	536
1142	537
1143	538
1144	364
1145	423
1146	539
1147	437
1148	540
1149	93
1150	541
1151	344
1152	542
1153	362
1154	543
1155	544
1156	43
1157	190
1158	545
1159	422
1160	132
1161	80
1162	21
1163	486
1164	33
1165	68
1166	546
1167	494
1168	547
1169	43
1170	548
1171	419
1172	323
1173	437
1174	240
1175	306
1176	438
1177	219
1178	134
1179	158
1180	331
1181	335
1182	231
1183	527
1184	306
1185	78
1186	432
1187	1
646	324
1188	526
1189	549
1190	503
1191	38
1192	197
1193	550
1194	162
1195	258
1196	551
1197	53
1198	492
1199	443
1200	3
1201	394
1202	552
1203	288
1204	532
1205	553
1206	245
1207	386
1208	554
1209	385
1210	555
1211	556
1212	325
1213	419
1214	508
1215	38
1216	130
1217	557
1218	371
1219	558
1220	346
1221	559
1222	543
1223	547
1224	132
1225	78
1226	560
1227	561
1228	457
1229	562
1230	236
1231	306
1232	253
1233	313
1234	502
1235	563
1236	497
1237	473
1238	564
1239	125
1240	167
1241	399
1242	406
1243	176
1244	565
1245	566
1246	248
1247	48
1248	486
1249	483
1250	567
1251	308
1252	568
1253	569
1254	376
1255	129
1256	570
1257	465
1258	571
1259	572
1260	573
1261	469
1262	391
1263	468
1264	364
1265	574
1266	575
1267	546
1268	576
1269	577
1270	165
1115	523
1271	477
1272	578
1273	579
1274	580
1275	581
1276	448
1277	564
1278	582
1279	463
1280	354
1281	583
1282	429
1283	584
1284	239
1285	385
1286	585
1287	374
1288	586
1289	193
1290	587
1291	192
1292	588
1293	104
1294	589
1295	126
1296	332
100	49
1297	24
1298	8
1299	590
1300	420
1301	230
1302	133
1303	278
1304	274
1305	591
1306	422
1307	592
1308	593
1309	70
1310	594
1311	595
1312	77
1313	596
1314	444
1315	597
1316	367
1317	334
1318	77
1319	391
1320	598
1321	18
1322	468
1323	137
1324	599
1325	600
1326	275
1327	601
1328	602
1329	448
1330	603
1331	604
1332	519
1333	605
1334	606
1335	607
1336	84
1337	601
1338	608
1339	609
1340	610
1341	533
1342	549
1343	242
1344	435
1345	611
1346	65
1347	612
1348	613
1349	610
1350	406
1351	272
1352	295
1353	339
1354	614
1355	309
1356	467
1357	464
1358	142
1359	615
1360	234
1361	616
1362	189
1363	24
1364	58
1365	105
1366	198
1367	422
1368	237
1369	606
1370	344
1371	617
1372	237
1373	48
1374	274
1375	286
1376	618
1377	240
1378	423
1379	60
1380	188
1381	145
1382	547
1383	227
1384	296
1385	296
1386	619
1387	620
1388	328
1389	550
1390	198
1391	436
1392	286
1393	204
1394	621
1395	546
1396	205
1397	622
1398	36
1399	215
1400	623
1401	606
1402	197
1403	467
1404	624
1405	625
1406	626
1407	627
1408	628
1409	334
1067	241
1410	533
1411	443
1412	271
1413	325
1414	629
1415	630
1416	248
1417	302
1418	631
1419	632
1420	608
1421	49
1422	325
1423	633
1424	634
1425	477
1426	635
1427	636
1428	637
1429	264
1430	638
1431	423
1432	639
1433	640
1434	547
1435	386
1436	543
1437	412
1438	331
1439	453
1440	525
1441	641
1442	642
1443	350
1444	212
1445	560
1446	643
1447	242
1448	644
1449	163
1450	426
1451	645
1452	50
1453	437
1454	646
1455	440
1456	43
1457	647
1458	18
1459	105
1460	331
1461	648
1462	208
1463	649
1464	650
1465	106
1466	113
84	58
1467	651
1468	652
1469	348
1470	653
1471	48
1472	120
1473	654
1474	171
1475	655
1476	656
1477	657
1478	658
1479	402
1480	565
1481	485
1482	339
1483	300
1484	153
1485	659
1486	660
1487	661
1488	503
1489	662
1490	663
1491	664
1492	665
1493	36
1494	666
1495	667
1496	563
1497	668
1498	47
1499	71
1500	355
1501	105
1502	669
1503	99
1504	537
1505	670
1506	656
1507	671
1508	672
1509	432
1510	75
1511	438
1512	132
1513	364
1514	38
1515	673
1516	470
1517	112
1518	6
1519	504
1520	48
1521	674
1522	675
1523	595
1524	676
1525	170
1526	677
1527	150
1528	678
1529	419
1530	679
1531	391
1532	680
1533	206
1534	43
1535	681
1536	469
1537	614
1538	438
1539	302
149	99
1540	682
1541	15
1542	14
1543	205
1544	683
1545	29
1546	155
1547	684
1548	685
1549	665
1550	130
1551	598
1552	435
1553	15
1554	431
1555	292
1556	631
1557	68
1558	136
1559	686
1560	325
1561	325
1562	369
1563	549
1564	543
1565	162
1566	687
1567	530
1568	103
1569	688
1570	689
1571	690
1572	691
1573	19
1574	692
1575	344
1576	550
1577	264
1578	693
1579	694
1580	235
1581	253
1582	235
1583	695
1584	696
1585	697
1586	597
1587	698
1588	510
1589	230
1590	532
1591	699
1592	476
1593	567
1594	96
1595	235
1596	18
1597	306
1598	24
1599	700
1600	495
1601	273
1602	6
1603	701
1604	702
1605	107
1606	471
1607	12
1608	311
1609	703
1610	704
1611	224
1612	705
1613	188
1614	96
1615	706
1616	707
1617	708
1618	709
1619	710
1620	399
1621	711
1622	150
1623	712
1624	713
1625	714
1626	485
1627	715
1628	461
1629	716
1630	245
1631	244
1632	717
1633	718
1634	550
1635	719
1636	720
1637	721
1638	722
1639	273
1640	723
1641	724
1642	103
1643	358
1644	725
1645	455
1646	726
1647	727
1648	728
1649	729
1650	339
1651	523
1652	316
1653	426
1654	730
1655	434
1656	480
1657	731
1658	732
1659	733
1660	734
1661	643
1662	254
1663	735
1664	492
1665	504
1666	103
1667	736
1668	737
1669	738
1670	434
1671	739
1672	692
1673	740
1674	741
1675	742
1676	743
1677	744
1678	171
1679	12
1680	745
1681	648
1682	746
1683	747
1684	748
1685	749
1686	750
1687	751
1688	140
1689	752
1690	440
1691	84
1692	298
1693	528
1694	753
1695	754
1696	320
1697	755
1698	756
1699	160
1700	272
1701	38
1702	757
1703	98
1704	490
1705	422
1706	130
1707	668
1708	166
1709	106
1710	728
1711	10
1712	238
1713	758
1714	469
1715	140
1716	71
1717	532
1718	162
1719	176
1720	201
1721	643
1722	352
1723	614
1724	69
1725	368
1726	479
1727	759
1728	96
1729	18
1730	308
1731	32
1732	760
1733	761
1734	261
1735	371
1736	189
1737	355
1738	627
1739	468
1740	472
1741	526
1742	48
1743	762
1744	763
1745	764
1746	765
1747	532
1748	286
1749	549
1750	578
1751	766
1752	767
1753	81
1754	768
1755	769
79	47
1756	448
1757	458
1758	770
1759	771
1760	19
1761	600
1762	523
1763	772
1764	42
1765	72
1766	104
1767	773
1768	774
1769	775
1770	581
1771	776
1772	777
1773	422
1774	778
1775	647
1776	132
1777	199
1778	276
1779	595
1780	85
1781	287
1782	196
1783	286
1784	396
1785	779
1786	245
1787	472
1788	278
1789	259
1790	132
1791	754
1792	547
1793	503
1794	374
1795	377
1796	27
1797	165
1798	297
1799	320
1800	473
1801	780
1802	292
1803	781
1804	445
1805	371
1806	782
1807	783
1808	784
1809	695
1810	362
1811	785
1812	227
1813	786
1814	288
1815	125
1816	276
1817	325
1818	78
1819	429
1820	787
1821	209
1822	38
1823	715
1824	111
1825	153
1826	788
1827	647
1828	789
1829	505
1830	57
1831	790
1832	208
1833	606
1834	134
1835	791
1836	643
1837	792
1838	444
1839	245
1840	516
1841	300
1842	105
1843	480
1844	614
1845	793
1846	12
1847	794
1848	795
1849	796
1850	166
1851	48
1852	383
1853	605
1854	208
1855	431
1856	797
1857	336
1858	25
1859	601
1860	798
1861	799
1862	578
1863	546
1864	800
1865	801
1866	802
1867	316
1868	119
1869	574
1870	803
1871	804
1872	300
1873	563
1874	444
1875	805
1876	806
1877	807
1878	808
1879	412
1880	647
1881	809
1882	810
1883	472
1884	811
1885	290
1886	513
1887	306
1888	195
1889	812
1890	813
1891	814
1892	815
1893	436
1894	816
1895	643
1896	817
1897	818
1898	819
1899	601
1900	820
1901	821
1902	99
1903	822
1904	823
1905	824
1906	825
1907	826
1908	827
1909	547
1910	625
1911	828
1912	829
1913	437
1914	408
1915	503
1916	405
1917	245
1918	623
1919	350
1920	533
1921	830
1922	468
1923	831
1924	728
1925	434
1926	414
1927	708
1928	451
1929	832
1930	833
1931	834
1932	380
1933	643
1934	835
1935	836
1936	837
1937	838
1938	683
1939	145
1488	503
1940	839
1941	840
1942	786
1943	387
1944	334
1945	841
1946	13
1947	842
1948	775
1949	843
1950	844
1951	845
1952	807
1953	331
1954	846
1955	847
1956	18
1957	848
1958	849
1959	850
1960	851
1961	490
1962	384
1963	852
1964	233
312	181
1965	547
1966	728
1967	134
1968	591
1969	853
1970	234
1971	254
1972	664
1973	854
1974	608
1975	855
1976	856
1977	857
1978	140
1979	274
1980	343
1981	858
1982	354
1983	281
1984	859
1985	629
1986	860
1987	739
1988	861
1989	862
1990	656
1991	655
1992	368
25	16
1993	157
1994	612
1995	27
1996	494
1997	480
1998	298
1999	137
2000	863
2001	173
1892	815
2002	389
2003	864
2004	401
1659	733
2005	865
2006	150
2007	866
2008	867
2009	868
2010	434
2011	513
2012	720
2013	869
2014	870
2015	490
2016	871
2017	850
2018	309
2019	872
2020	873
2021	277
2022	306
2023	367
2024	198
2025	444
2026	325
2027	625
2028	754
2029	643
2030	568
2031	874
2032	875
2033	156
2034	309
2035	150
2036	754
2037	876
2038	653
1115	523
2039	634
2040	205
2041	95
2042	436
2043	608
275	27
2044	877
2045	606
2046	878
2047	448
2048	879
2049	362
2050	880
2051	881
2052	882
2053	631
2054	765
2055	883
2056	129
2057	884
2058	885
2059	769
2060	886
2061	409
2062	887
2063	744
2064	421
2065	131
2066	230
2067	531
2068	888
2069	695
2070	325
2071	889
2072	188
2073	890
2074	354
2075	362
2076	476
2077	794
2078	112
2079	763
2080	891
2081	2
2082	892
2083	179
2084	893
2085	894
2086	778
2087	895
2088	470
2089	38
2090	125
2091	38
2092	896
2093	164
2094	238
2095	249
2096	897
2097	898
2098	899
2099	153
2100	33
2101	355
2102	753
1284	239
2103	775
2104	215
1651	523
2105	338
2106	689
2107	225
2108	536
2109	900
2110	719
2111	794
2112	24
2113	901
2114	794
2115	409
2116	902
2117	903
2118	904
2119	905
2120	906
2121	571
2122	907
2123	908
2124	443
2125	665
2126	704
383	212
2127	909
2128	855
2129	910
2130	618
2131	440
2132	276
2133	911
2134	912
2135	913
2136	704
2137	113
2138	80
2139	914
2140	889
2141	671
2142	229
2143	578
2144	915
2145	524
2146	53
2147	916
2148	917
2149	918
2150	919
2151	396
2152	490
2153	920
2154	827
2155	145
2156	151
2157	444
2158	50
2159	228
2160	921
2161	922
2162	923
2163	924
2164	925
2165	513
2166	926
2167	199
2168	927
2169	422
2170	524
2171	928
2172	929
2173	468
2174	930
2175	455
2176	931
2177	292
2178	932
2179	105
2180	135
2181	933
2182	511
2183	234
2184	934
2185	422
2186	935
2187	778
2188	936
2189	937
2190	12
2191	113
2192	938
1341	533
2193	939
2194	940
2195	941
2196	942
2197	943
2198	704
2199	553
2200	229
2201	944
2202	945
2203	276
2204	395
2205	695
2206	946
2207	119
2208	1
2209	381
2210	386
2211	199
2212	57
2213	947
2214	151
2215	490
2216	836
2217	695
2218	948
2219	812
2220	434
2221	695
2072	188
2222	33
2223	605
2224	949
2225	242
2226	242
2227	321
2228	226
2229	601
2230	950
2231	951
2232	494
2233	422
2234	952
2235	801
2236	953
2237	954
2238	470
2239	775
2240	77
2241	387
2242	771
2243	955
2244	956
2245	957
2246	958
2247	959
2248	960
2249	691
2250	961
2251	655
2252	650
2253	962
2254	836
2255	963
2256	834
2257	721
2258	149
2259	760
2260	964
2261	324
2262	965
2263	966
2264	967
2265	53
2266	936
2267	582
2268	619
2269	968
2270	507
2271	314
2272	969
2273	337
2274	970
2275	971
2276	972
2277	973
2278	974
2279	445
2280	975
2281	887
2282	879
2283	259
2284	560
2285	376
2286	976
2287	547
2288	916
2289	327
2290	43
2291	577
2292	794
2293	977
2294	342
2295	80
2296	98
2297	978
2298	108
2299	655
2300	979
2301	145
2302	980
2303	394
2304	981
2305	982
2306	983
2307	984
2308	985
2309	986
2310	987
2311	988
2312	173
2313	232
2314	515
2315	254
2316	989
2317	550
2318	167
2319	486
2320	326
2321	274
2322	852
2323	244
2324	60
2325	990
2326	924
2327	618
2328	991
2329	189
2330	605
2331	95
2332	130
2333	428
2334	919
2335	196
2336	992
2337	986
2338	419
2339	113
2340	695
2341	115
2342	802
1666	103
2343	993
2344	468
2345	994
2346	271
2347	995
2348	809
2349	48
2350	996
2351	276
2352	997
2353	463
2354	695
2355	998
2356	874
2357	999
2358	568
2359	463
2360	125
2361	759
2362	1000
2363	1001
2364	208
2365	1002
2366	106
2367	339
2368	1003
2369	1004
2370	450
2371	1005
2372	787
2373	24
2374	688
2375	193
2376	128
2377	1006
2378	85
2379	544
2380	1007
2381	695
2382	1008
2383	1009
2384	1010
2385	1011
2386	239
2387	553
2388	1012
2389	1013
2390	1014
2391	232
2392	167
2393	1015
2014	870
2394	809
2395	1016
2396	559
2397	794
2398	1017
2399	107
2400	1018
2401	1019
2402	1020
2403	1021
2404	1022
2405	1023
2406	314
2407	0
2408	1024
2409	418
2410	625
2411	689
2412	425
2413	468
1140	186
2414	1025
2415	578
2416	795
2417	1026
2418	332
40	28
2419	1027
2420	984
2421	629
2422	399
2423	725
2424	1028
2425	1029
2426	1030
2427	620
2428	6
2429	1031
2430	1032
2431	1033
2432	273
2433	1034
2434	1035
2435	371
2436	165
2437	1036
2438	1037
2439	1038
2440	1039
2441	1040
2442	221
2443	1041
2444	132
2445	1042
2446	825
2447	1043
2448	1044
2449	1045
2450	1046
2451	1047
2442	221
2452	78
2453	106
2454	1048
2455	1049
2456	1050
2457	110
2458	1051
2459	339
2460	858
2461	234
2462	354
2463	1052
2464	330
2465	469
2466	88
2467	1053
2468	1054
2469	37
2470	432
2471	264
2472	1055
2473	574
2474	1056
2475	228
2476	1057
2477	695
2478	1058
2116	902
2479	1059
2480	1060
2481	413
2482	1061
2483	695
2325	990
2484	1062
2485	1063
2486	834
2487	249
2488	1064
2489	1065
2490	1066
2491	1067
2492	695
2493	1068
2494	502
2495	1069
2496	1070
2497	760
2498	1071
2499	463
2500	1072
2501	1073
2502	1074
2503	1075
2504	940
2505	643
2506	1076
2507	1077
2508	1078
2509	841
2510	1079
2511	1080
2512	1081
2513	66
2514	224
2515	125
2516	852
2517	206
2518	164
2519	106
2520	2
2521	322
2522	245
2523	1082
2524	38
2525	1083
361	203
2526	1084
2527	1046
2528	77
2529	207
2530	1085
2413	468
2531	369
2532	898
2533	490
2534	24
2535	794
2536	1086
2537	1087
2538	171
2539	80
2540	522
2541	276
2542	1088
2543	1089
2544	1090
2545	422
2546	520
2547	140
2548	1091
2549	50
1352	295
2550	49
2551	1092
2552	432
2553	1093
2554	766
2555	1094
2556	644
2557	1095
2558	1063
2559	1096
209	112
2560	339
2561	1097
2562	1098
2563	1099
2564	998
2565	1100
2566	496
2567	401
2568	1101
2569	478
2570	1102
2571	1103
2572	921
2573	695
2574	1104
2575	1071
2576	601
2577	1031
2578	1105
2579	1106
2580	1107
2581	351
2582	1108
2583	1109
2584	931
2585	1110
2586	1111
2587	145
2588	1112
2589	211
2590	1113
2591	742
2592	912
2593	1114
2594	1115
2595	1116
2596	1117
2597	1118
2598	1119
2599	1120
2600	1121
2601	1122
2602	1123
2603	568
2604	695
2605	1124
2606	1125
2607	102
2608	1126
2609	254
2610	994
2611	374
2612	1127
2613	281
2614	789
2615	1128
2616	1129
2617	517
2618	1130
2619	1131
2620	1132
2621	1133
2622	1134
2623	1135
2624	524
2625	695
2626	1136
2627	1077
2628	1137
2629	23
2630	1138
2631	506
2632	1139
2633	695
2634	1140
2635	1141
2636	1142
2637	1143
2638	1009
2639	1144
2640	841
2641	1145
2642	429
2643	448
2644	1146
2645	1012
2646	1147
2647	1148
2648	667
2649	502
2650	1149
2651	1150
2652	1151
2653	1152
2654	1153
2655	1154
2656	1155
2657	1156
2658	1157
2659	1158
2660	1159
2661	1160
2662	369
2663	1161
2664	35
2665	1162
2666	1163
2667	325
2668	1164
2669	463
2670	450
2671	292
2672	1165
2673	1166
2674	1167
2675	78
2676	71
2677	479
1930	833
1031	487
2678	817
2679	681
2680	1168
1961	490
2681	794
2682	1169
2683	829
2684	424
2685	1115
2686	264
2687	397
2688	547
2689	1001
2690	1002
2691	494
2692	137
2693	1170
2694	1171
2695	1172
2696	1173
2697	48
2698	436
2699	615
2700	1174
2539	80
2701	1175
2702	196
2703	1176
2704	1177
2705	1178
2706	1179
2707	863
2708	119
2709	1180
2710	1071
2711	1112
2712	1181
2713	953
2714	1182
2715	474
2716	1183
2717	221
2718	1184
2719	1185
2720	339
2721	106
241	88
2722	940
2723	959
2724	613
2725	772
2726	1132
2727	1021
2728	265
2729	314
2730	955
2731	276
2732	675
2733	107
2734	120
227	138
2735	419
2736	496
2737	199
2738	830
2739	1186
2740	1187
2741	1188
2742	613
2743	626
2744	1189
2745	1190
2746	443
2747	1191
2748	939
2749	1192
2750	949
2751	1193
2752	1194
2753	1195
2754	1196
2755	290
2756	1197
2757	173
2758	1198
2759	146
2760	471
2761	325
2762	1199
2763	1200
2764	1201
2765	1202
2766	1203
2767	921
2768	737
2769	1204
2770	1205
2771	1206
2772	1207
2773	902
2774	1208
2775	380
2776	165
2777	1209
2778	841
2779	1210
1800	473
2780	858
2781	1211
2782	1212
2783	859
2784	789
2785	395
2786	1213
2787	324
2788	1141
2789	1214
2790	1215
2791	329
2792	222
2793	1097
2794	787
2795	164
2796	1216
2797	1122
2798	789
2799	1217
2800	1218
2801	1219
2802	316
2803	1220
2804	1164
2805	1086
2806	1221
2807	1121
2808	1222
2809	1223
2810	280
2811	1224
2812	1225
2813	409
2814	38
2815	165
2816	1226
2817	627
2818	134
2819	134
2820	768
2821	51
2822	1227
2823	110
2824	1228
2825	543
2826	1229
2827	168
2828	456
2829	147
2830	530
2831	254
2832	1230
2833	1231
2834	1232
2835	1140
2836	1233
2837	1234
2838	1235
2839	400
2840	1236
281	30
2841	507
2842	1237
2843	1238
2844	389
2845	615
2846	406
2847	386
2848	490
2849	933
2850	1232
2851	1104
2852	1239
2853	1240
2854	689
2855	1241
2856	343
2857	688
2858	395
2859	1242
2860	476
2861	770
2862	249
2863	783
2864	466
2865	72
342	198
2866	1243
2867	481
2868	186
2869	1244
2870	1245
2871	1246
2872	1247
2873	1248
2874	1249
2875	695
2876	349
2877	1059
2878	436
2879	1250
2880	760
2881	1251
976	587
2882	149
2883	1252
2884	1253
2885	1254
2886	1255
2887	1256
2888	593
2889	1257
2890	1258
2891	434
2892	1259
2893	20
2894	858
2895	1050
2896	320
2897	1260
2898	1261
2899	1262
2900	186
2901	726
2902	1263
185	118
2903	1264
2904	1265
2905	199
2906	1266
2907	1267
2908	296
2909	128
2910	1268
2911	1136
2912	1269
2913	1270
2914	1271
2915	258
2916	141
2917	1272
2918	766
2919	563
2920	352
2921	362
2922	898
2923	591
2924	1273
2925	881
2926	1274
2927	517
2928	132
2929	238
2930	677
2931	525
2932	1026
2933	872
2934	1101
2935	1275
2936	208
2937	595
2938	623
2939	1276
2940	327
2941	1277
2942	528
2943	1278
2944	1279
2945	824
2946	1280
2947	111
2948	6
2949	1281
2950	643
2951	1282
2952	953
2953	1200
2954	871
2955	606
2956	1283
2957	1284
2958	1285
2959	1286
2960	1287
1400	623
2961	886
2962	1288
2963	1289
2964	1290
2965	1291
2966	1292
2967	517
2968	1293
2969	1294
2970	327
2971	38
2972	1295
2973	1296
2974	1297
2975	1298
2976	1187
2977	1299
2978	1300
2979	524
2980	1301
2981	1302
2982	245
2983	117
2984	1303
2985	1059
1320	598
2986	1302
2987	584
2988	794
2989	48
2990	1304
2991	391
2992	910
2993	205
2994	803
2995	391
2996	1305
2997	396
2998	1306
2999	83
3000	1113
3001	925
3002	1233
3003	1307
3004	1308
3005	1309
2909	128
3006	716
3007	1310
3008	608
3009	1311
3010	258
3011	1039
3012	338
3013	796
3014	1312
3015	878
3016	419
3017	1313
3018	470
3019	1314
3020	1315
3021	1168
3022	1316
3023	986
3024	1317
3025	1318
3026	578
3027	469
3028	557
3029	396
3030	1319
3031	976
3032	436
3033	431
3034	183
3035	1320
3036	381
3037	1122
3038	1007
3039	1321
3040	1322
3041	1323
3042	1324
3043	1280
3044	585
3045	1325
3046	1326
3047	1327
3048	636
3049	1229
3050	1328
3051	24
3052	21
3053	1049
3054	208
3055	1329
3056	490
3057	751
299	175
3058	1330
3059	1331
3060	759
3061	652
3062	1332
3063	1333
3064	1334
3065	506
3066	1335
3067	1336
3068	1337
3069	1338
3070	933
3071	1339
3072	844
3073	1340
3074	1341
3075	1342
3076	1343
3077	1344
3078	150
3079	720
3080	1345
3081	1346
3082	803
3083	1347
3084	436
3085	1348
3086	1232
3087	1349
3088	19
3089	470
3090	1350
3091	859
3092	680
3093	1351
3094	1203
3095	409
3096	1352
3097	1353
3098	1354
3099	593
3100	1286
3101	128
3102	1355
3103	936
3104	1356
3105	1357
3106	1358
3107	1359
3108	1360
3109	1361
3110	1362
3111	1363
3112	1266
3113	1248
3114	1364
3115	1365
3116	599
3117	1366
3118	738
3119	1367
3120	1368
3121	1369
3122	1370
3123	1225
3124	1371
3125	1307
3126	1372
3127	1373
3128	1374
3129	1375
3130	479
3131	1376
3132	1377
3133	1378
3134	1217
3135	1379
3136	1380
3137	1381
3138	1382
3139	1383
3140	731
3141	1117
3142	1384
3143	559
3144	1385
3145	287
3146	1386
3147	681
3148	1387
3149	1009
3150	1388
3151	1389
3152	1390
3153	1391
3154	1392
3155	669
3156	453
3157	1288
3158	1393
3159	1164
3160	1394
3161	1395
3162	18
3163	623
3164	1396
3165	595
3166	493
3167	569
3168	1397
3169	272
3170	578
3171	1173
3172	941
3173	1303
3174	1398
3175	1186
3176	380
3177	1399
3178	458
3179	952
3180	1400
3181	85
3182	1401
3183	1402
3184	89
3185	526
3186	1403
3187	946
3188	1404
3189	1179
3190	999
3191	921
3192	959
3193	1405
3194	997
3195	1406
3196	1407
3197	1408
3198	953
3199	1409
3200	1134
1423	633
3201	1410
3202	1411
3203	1048
3204	1412
3205	1413
3206	1414
3207	1415
3208	1416
3209	1417
3210	1418
3211	1419
3212	1420
3213	132
3214	421
3215	1421
3216	1422
3217	1423
3218	1424
3219	689
3220	871
3221	1425
3222	1426
3223	1427
3224	1428
3225	1250
3226	1292
1969	853
3227	956
3228	1429
3229	1430
3230	1431
3231	1432
1152	542
3232	1433
3233	1302
3234	1434
3235	168
3236	1435
3237	1436
3238	425
3239	617
3240	84
3241	1437
3242	339
3243	463
3244	1438
3245	1439
3246	1170
3247	1440
3248	690
3249	1441
421	232
3250	1442
3251	1443
3252	1444
3253	85
3254	1445
3255	547
3256	510
3257	1446
3258	1230
3259	1447
944	451
3260	1448
3261	759
3262	1449
3263	1450
3264	1071
3265	1451
3266	328
3267	1452
3268	776
3269	1049
3270	57
3271	932
3272	1453
3273	1071
3274	1454
3275	953
3276	1455
3277	1113
3278	427
3279	1456
3280	814
3281	981
3282	1457
3283	1458
3284	1459
3285	1460
3286	1461
3287	1462
3288	1463
3289	1464
3290	602
3291	1465
3292	1466
3293	591
3294	1467
3295	1468
3296	1469
3297	1470
3298	965
3299	534
3300	1471
3301	1472
3302	574
3303	1473
3304	544
3305	1455
3306	1474
3307	1475
3308	1476
3309	544
3310	656
3311	1477
3312	1478
3313	688
3314	1479
3315	1119
3316	981
3317	1480
3318	795
3319	957
3320	1481
3321	1482
3322	1229
3323	326
3324	1483
3325	789
3326	1484
3079	720
3327	1485
3328	1486
3329	1487
3330	1488
3331	258
3332	1489
3333	1098
3334	1490
6	6
3335	1491
3336	688
3337	1492
3338	1493
3339	419
3340	450
3341	17
3342	1250
3343	150
3344	88
3345	1493
3346	351
3347	1494
3348	1315
50	35
3349	298
3350	442
3351	422
2784	789
3352	1495
3353	1493
3354	835
3355	667
3356	1496
3357	1497
3358	362
3359	1094
3360	1170
3361	630
30	2
3362	1094
3363	1498
3364	606
3365	1499
3366	600
3367	1101
3368	1500
3369	48
3370	1462
3371	1380
3372	119
3373	821
3374	1501
3375	1502
3376	1395
3377	185
3378	1341
3379	1503
3380	1217
3381	1223
3382	1504
3383	1505
3384	1506
3385	423
3386	1485
3387	1507
3388	582
3389	570
3390	1508
3391	1509
3392	1510
3393	585
3394	524
3395	1511
3396	1310
3397	1512
3398	1513
3399	1514
3400	1515
3401	1450
3402	1516
3403	419
3404	1517
3405	1518
3406	325
3407	1519
3408	775
3409	352
3410	1520
3411	1521
3412	1522
3413	1523
3414	1524
3415	1525
3416	495
3417	402
3418	1526
3419	138
3420	706
3421	1527
3422	264
3423	1528
3424	1529
3425	208
3426	54
3427	52
3428	1451
3429	617
3430	1530
3431	1531
3432	900
3433	69
3434	1532
3435	1533
3436	1105
3437	1534
3438	1535
3439	1536
3440	912
3441	0
3442	1537
3443	322
3444	1538
3445	608
3446	1169
3447	78
3448	941
3449	1539
3450	1540
3451	350
266	157
3452	1541
3453	369
3454	1542
3455	1170
3456	11
3457	248
3458	204
3459	120
3460	1543
3461	1249
3462	468
3463	436
3464	1544
3465	1545
3466	1249
3467	371
3468	504
3469	1546
3470	370
3471	1547
3472	775
3473	1548
3474	929
3475	1549
3476	1550
3477	1551
3478	1552
3479	1553
3480	1554
3481	570
3482	1220
3483	1555
3484	1556
3485	1557
3486	1558
3487	1056
3488	1559
3489	943
3490	1560
3491	1561
3492	1562
3493	690
3494	1563
3495	1504
3496	1564
3497	1565
3498	1357
3499	931
3500	401
3501	1566
3502	1134
3503	1567
3504	1568
3505	652
3506	1569
3507	1570
3508	1571
3509	1152
3510	1382
3511	1572
3512	470
3513	1573
3514	1574
972	465
3515	1575
3516	1576
3517	406
3518	1577
3519	1578
3520	1579
3521	1380
3522	1429
3523	1192
3524	1580
3525	1294
3526	1404
3527	1539
3528	658
3529	1581
3530	614
3531	1582
3532	325
3533	991
3534	767
3535	1583
3536	1584
3537	1585
3538	1586
3539	436
3540	1587
3541	1588
3542	1075
3543	1589
3544	1590
3545	1591
3546	1592
3547	668
3548	1593
3549	1084
3550	1594
3551	1595
3552	1596
3553	899
3554	1597
3555	33
3556	1302
3557	1598
3558	898
3559	1599
3560	928
3561	1600
3562	167
3046	1326
3563	1601
3564	928
3565	1602
3566	882
3567	839
3568	1603
3569	809
3570	1604
3571	506
3572	644
3573	1605
3574	3
3575	1606
3576	608
3577	563
3578	1607
3579	1608
3580	83
3581	1609
3582	1610
3583	1611
3584	1612
3585	248
3586	1613
2956	1283
3587	1233
3588	802
3589	1021
3590	1614
3591	1615
3592	1616
3593	1617
3594	501
3595	1618
3596	1619
3597	121
3598	228
3599	1620
3600	1429
3601	806
3602	1621
3603	276
3604	1622
3605	1623
3606	1624
3607	1233
3608	1625
3609	1543
3610	1626
3611	1627
3612	1628
3613	802
3614	1629
3615	1630
3616	1631
3617	420
3618	1632
3619	1493
3620	1633
3621	1634
3622	1401
3623	736
3624	47
3625	75
3626	1372
3627	1635
3628	841
3629	1636
3630	1637
3631	1638
3632	16
3633	1199
3634	1639
3635	560
3636	1141
3637	1217
3638	1640
3639	1558
3640	1641
3641	1642
3642	1643
3643	1644
3644	469
3645	860
3646	1645
3647	1646
3648	1647
3649	1648
3650	1649
3651	1650
3652	1651
3653	1652
3654	93
3655	208
3656	1653
3657	1654
3658	1294
3659	1655
3660	391
3661	1202
3662	1656
3663	1657
3664	1658
3665	1502
3666	1339
3667	1217
3668	1659
3669	176
3670	1660
3671	1661
3672	608
3673	1662
3674	1663
3675	1664
3676	514
3677	1665
3678	1479
3679	789
3680	1007
3681	1666
3682	1667
3683	1668
3684	623
3685	1562
3686	1098
3687	1669
3688	1670
3689	1671
3690	1672
3691	1673
3692	1674
3693	1675
3694	1676
3648	1677
3695	631
3696	1169
3697	36
3698	940
3699	1678
3700	436
3701	44
3702	120
3703	1679
3704	1680
3705	78
3706	1681
3707	825
3708	1682
3709	1683
3710	1684
3711	1685
3712	1256
3713	1686
3714	1687
3715	1688
3716	1689
3717	1690
3718	1691
3719	1692
3720	428
3721	1693
3722	872
3723	1694
3724	1492
3725	1695
3726	955
3727	218
3728	725
3729	1696
3730	1697
144	96
3731	352
3732	1353
3733	203
3734	434
3735	949
3736	232
3737	232
3738	570
3739	695
3740	1698
158	18
3741	12
3742	1699
3743	1700
3744	1701
3444	1538
3745	1702
3746	49
3747	1305
3748	1703
3749	468
3750	1704
3751	1705
3752	1706
3753	775
3754	695
282	24
3755	1707
3756	1707
3757	1038
3758	1678
3759	1561
3760	1708
1909	547
3761	572
3762	1626
3763	1709
3764	930
3765	1354
3766	1710
3767	1047
3768	1711
3769	78
3770	1249
3771	1712
3772	389
3773	1713
3774	608
3775	1714
3776	1715
3777	1716
3778	1717
3779	1718
3780	1719
3781	1700
3782	1720
3783	472
3784	1721
3785	199
3786	1722
3787	780
3788	1723
3789	1337
3790	276
3791	1196
3792	869
3793	1724
3794	1725
3795	1726
3796	571
3797	1727
3798	1728
3799	1387
3800	726
3801	1729
3802	1730
3803	1731
3804	1732
3805	1733
3806	710
3807	1734
3808	1438
3809	1735
3810	1736
361	203
3811	1567
3812	858
3813	1737
3814	1738
3815	1562
3816	1739
3817	1740
3818	1741
3819	1742
3820	1743
3821	1744
3822	1745
3823	998
1199	443
3824	827
3825	1134
3826	1746
3827	1747
3828	272
3829	241
3830	1748
3831	1562
3832	1749
3833	1567
3834	1044
3835	930
3836	1750
3837	1751
3838	1733
3839	111
3840	888
2391	232
3841	1752
3842	6
3843	1753
3844	1754
3845	1755
3846	1756
3847	1757
847	408
3848	1758
3849	447
3850	1759
3851	1760
3852	1761
3853	1762
3854	1763
3855	1764
3856	387
3857	1765
3858	1766
3859	1767
3860	872
3861	1768
3862	956
3863	1769
3864	1770
3865	1771
3866	786
3867	1772
3868	1773
3869	1774
3870	1469
3871	949
3872	954
3873	1113
3874	1775
3875	1776
3876	1777
3877	334
3878	1778
3879	1779
3880	1780
3881	1713
3882	1781
3883	458
3884	1493
3885	1782
3886	1783
3887	463
3888	436
3889	1784
3890	605
3891	941
3892	186
3893	1785
3894	1071
3895	1303
3896	244
3897	1128
3898	1749
3899	1786
3900	610
3901	1787
3902	1788
3903	766
3904	475
3905	930
3906	1702
3907	1789
3908	930
3909	151
3910	1790
3911	1309
3912	1791
3913	1749
3914	1390
3915	1128
3916	1792
3917	1793
3918	775
3919	1794
3920	1625
3921	1309
3922	1795
3923	484
3924	1796
3925	1797
3926	871
3927	1451
3928	1798
3929	1799
3930	1800
3931	426
3932	1801
3933	1802
3934	1177
3935	1349
3936	81
3937	1685
3938	857
3939	608
3940	1256
3941	1803
3942	1804
3943	1805
3944	1806
3945	1807
3946	1808
3947	1809
3948	1810
3949	1811
3950	1812
1888	195
3951	1260
3952	1813
3953	1814
3954	1815
3955	1020
3956	1816
3957	1817
3958	1818
33	24
3959	1819
3960	1820
3961	1821
3962	668
3963	1822
3964	1823
3965	1001
3966	1824
3967	1825
3968	1826
3969	1827
3970	1828
330	85
3971	1829
3972	1830
3973	384
3974	1783
3975	1831
3976	1832
3977	1199
3978	1833
1842	105
3979	629
3980	1834
3981	1835
3982	1127
3983	1702
3984	1836
3985	1737
3986	872
3987	232
3988	1837
3989	1838
3990	1258
3991	1839
3992	1840
3993	1778
3994	1841
3995	1737
3996	872
3997	1318
3998	1842
3999	1071
4000	1843
1477	657
4001	1844
4002	1845
4003	1846
4004	1847
4005	1848
4006	1849
4007	1626
4008	1850
2555	1094
4009	707
4010	1851
4011	1852
4012	1285
4013	1853
4014	524
4015	1556
4016	775
4017	1854
4018	1855
4019	1856
4020	1857
4021	1239
4022	1858
4023	1859
4024	1637
4025	326
4026	1860
4027	1861
1552	435
4028	1862
4029	1863
4030	1864
4031	1152
4032	1865
4033	66
4034	1866
4035	1867
4036	1868
4037	436
4038	1869
4039	1229
4040	1870
4041	1593
4042	1871
4043	1740
4044	1872
4045	702
4046	1740
4047	851
4048	1873
4049	1874
4050	251
2115	409
4051	1875
4052	600
4053	1876
4054	1807
4055	1877
4056	1878
4057	1879
4058	1880
4059	1881
4060	1882
4061	1559
4062	1883
4063	1884
4064	1885
4065	1886
4066	1294
4067	1795
4068	1887
4069	1888
4070	1889
4071	493
4072	1890
4073	695
4074	1891
4075	695
4076	1892
4077	83
4078	1893
866	327
4079	708
4080	1894
4081	175
4082	1895
4083	1896
4084	1897
4085	1898
4086	1899
4087	1512
4088	775
4089	113
4090	533
4091	1900
4092	1901
4093	370
4094	1902
4095	1903
4096	1764
4097	1904
4098	1905
4099	50
4100	579
4101	150
4102	1906
2378	85
4103	1558
4104	1907
4105	1908
4106	1764
4107	1909
4108	1910
4109	1911
4110	1641
4111	1912
4112	1801
4113	1913
4114	190
4115	1914
4116	1915
4117	1916
4118	1917
4119	983
4120	1918
4121	1593
4122	42
4123	1919
4124	1920
4125	1921
4126	476
4127	1922
4128	1923
4129	1924
4130	1925
1912	829
4131	1926
4132	1087
4133	533
4134	1927
4135	1928
4136	1929
4137	1930
4138	1931
4139	1932
4140	1933
4141	695
4142	1934
4143	1935
4144	1936
4145	1937
4146	1586
4147	1684
4148	1938
4149	1939
4150	1940
4151	1941
4152	1586
4153	420
4154	941
4155	1942
4156	1943
4157	1944
4158	1945
4159	1946
4160	1199
4161	1572
4162	1016
4163	1947
4164	1948
4165	1949
1617	708
4166	1950
1382	547
4167	1092
4168	1951
4169	1952
4170	1953
4171	545
4172	1900
4173	327
4174	1954
4175	1955
4176	1956
4177	1957
4178	1958
4179	1959
4180	1322
4181	1960
4182	1961
4183	1786
4184	1749
4185	1962
4186	1963
4187	1964
4188	1965
4189	177
4190	1966
4191	1967
4192	1968
4193	830
4194	1956
4195	1178
4196	1969
4197	1970
4198	1842
4199	1971
4200	1972
4201	1783
4202	1567
4203	1778
4204	1973
4205	1974
4206	1975
4207	1976
4208	1977
4209	1978
4210	419
4211	1979
4212	1980
4213	1981
4214	1982
1711	10
4215	1983
4216	1984
4217	1783
4218	1884
4219	1349
4220	792
2900	186
4221	471
4222	930
4223	841
4224	1356
4225	33
4226	1985
4227	1986
4228	1987
4229	1988
4230	1989
4231	1709
4232	1990
4233	472
4234	1991
4235	1141
4236	1992
4237	1993
4238	1994
4239	1995
4240	1996
4241	1997
4242	1198
4243	1998
4244	1257
4245	1429
4246	1999
4247	2000
4248	2001
4249	1094
4250	2002
4251	2003
4252	2004
4253	2005
4254	2006
4255	2007
4256	2008
4257	2009
721	89
4258	2010
4259	2011
4260	2012
4261	2013
4262	2014
4263	2015
4264	2016
4265	1559
4266	2017
4267	2018
4268	2019
4269	128
4270	2020
4271	1469
4272	2021
4273	2022
4274	2023
4275	2024
766	376
4276	2025
4277	2026
4278	2027
4279	2028
4280	1822
4281	2029
4282	930
4283	600
4284	1702
4285	2030
4286	1825
4287	2031
4288	2032
4289	1778
4290	436
4291	150
4292	33
4293	425
4294	2033
4295	2034
458	244
4296	871
4297	1184
4298	930
1762	523
4299	2035
4300	2036
4301	168
4302	1679
4303	736
4304	2037
4305	2038
4306	2039
4307	1296
4308	2040
4309	2041
4310	2042
4311	2043
4312	2044
4313	1615
4314	2045
4315	2046
4316	317
4317	2047
4318	2048
4319	2049
4320	2050
4321	1593
4322	2051
4323	2052
4324	2053
4325	2054
4326	2055
4327	2056
4328	2057
4329	2058
4330	1615
4331	2059
4332	2060
4333	2061
4334	542
4335	2062
2344	468
4336	1480
4337	2063
4338	48
4339	258
4340	493
4341	2064
4342	2065
4343	2066
4344	763
4345	2067
4346	1111
4347	2068
4348	925
4349	2069
4350	2070
4351	1179
4352	2071
4353	48
4354	1479
4355	2072
4356	2073
4357	2074
4358	1681
4359	1141
3336	688
4360	2075
4361	2076
4362	2077
4363	2078
4364	2079
4365	1587
4366	1451
3825	1134
4367	2080
4368	2081
4369	1625
795	46
4370	2082
4371	2083
4372	2084
2933	872
4373	889
4374	472
4375	2085
4376	1774
4377	2086
4378	2087
4379	2088
4380	2089
4381	2090
4382	2091
331	16
4383	2092
4384	2093
4385	2094
4386	2095
4387	366
4388	2096
4389	2097
4390	2098
4391	2099
4392	2100
4393	2101
4394	527
4395	2102
4396	2103
4397	639
4398	2104
4399	2105
4400	2106
4401	2107
4402	1802
4403	2108
4404	881
4405	2109
4406	2110
4407	2111
4408	2112
4409	2113
4410	2114
4411	2115
4412	1493
4413	2116
4414	2117
4415	2118
4416	2119
4417	2120
4418	2121
4419	2122
4420	2123
4421	2120
4422	2124
4423	2125
4424	2126
4425	2127
4426	2128
4427	2129
4428	2130
2499	463
4429	2131
4430	2132
4431	2133
4432	2134
4433	2135
4434	1900
4435	2136
4436	2137
4437	2138
4438	311
4439	2035
4440	2139
4441	604
4442	2140
4443	251
4444	792
2543	1089
4445	2141
4446	2142
4447	2143
4448	2144
4449	701
4450	2145
4451	1655
4452	1695
4453	2146
4454	2147
4455	2148
4456	1685
4457	1838
4458	1310
4459	2149
4460	2150
4461	2151
4462	380
4463	2152
4464	2153
4465	2154
4466	449
4467	2155
4468	2156
4469	141
4470	2003
4471	2157
4472	22
4473	1853
4474	2158
4475	2100
2464	330
4476	797
4477	221
4478	2159
4479	690
4480	2160
4481	1567
4482	1457
4483	2161
4484	28
4485	1640
4486	2162
4487	2163
25	16
1411	443
4488	2164
4489	2165
4490	2166
4491	2167
4492	2168
4493	2169
4494	2170
4495	2171
4496	2172
4497	2173
4498	2174
4499	2175
4500	2176
4501	458
4502	1877
4503	2177
4504	2178
4505	2179
4506	2180
4507	2181
4508	2182
4509	2183
4510	2184
4511	420
4512	2185
4513	2186
4514	2187
4515	1895
4516	2188
4517	2189
4518	1894
4519	2190
4520	2191
4521	2192
4522	909
4523	2193
4524	2194
4525	2195
4526	2196
4527	2197
4528	2198
4529	2199
4530	2196
4531	1199
4532	2200
4533	1651
4534	2201
4535	2202
4536	2021
4537	2203
4538	2204
4539	1269
4540	2205
4541	2206
4542	41
4543	2207
185	118
4544	2141
4545	2208
4546	2209
4547	2210
4548	2211
4549	2212
4550	1846
4551	2213
4552	12
4553	467
4554	2214
4555	2181
4556	1473
4557	2215
4558	2216
4559	2217
2832	1230
4560	2218
4561	2219
4562	2220
4563	1302
4564	2221
4565	2222
4566	2223
4567	2224
38	6
4568	1890
4569	1452
4570	115
4571	2225
4572	2226
4573	2227
4574	2228
4575	2229
4576	2230
4577	1809
4578	2231
4579	2232
4580	669
4581	1642
4582	1654
4583	1844
4584	254
4585	1614
4586	2233
4587	2234
4588	2235
4589	2236
4590	2237
4591	685
4592	2238
4593	490
4594	2239
4595	2240
4596	2241
4597	2242
4598	2243
4599	2244
4600	6
4601	2245
4602	2246
4603	2247
4604	2248
4605	2249
4606	2250
2413	468
4607	858
4608	2251
4609	1783
4610	2252
4611	2253
4612	728
4613	2254
4614	1573
4615	555
4616	2255
4617	1911
4618	1911
4619	2256
4620	2257
4621	2258
4622	2188
4623	2259
4624	1612
4625	2260
4626	2261
1084	507
4627	2262
4628	2263
4629	2264
4630	2265
4631	2266
4632	2267
4633	2268
4634	2269
4635	2270
4636	608
4637	1451
4638	2271
4639	41
4640	2272
4641	759
4642	2273
4643	2274
4644	726
4645	2275
4646	2276
4647	2199
4648	2277
4649	2278
4650	1710
4651	2279
4652	1217
4653	2280
4654	1007
4655	2281
4656	2282
4657	2283
4658	2284
4659	2285
4660	2286
4661	2287
4662	2288
4663	2289
4664	2290
2618	1130
4665	2222
4666	2291
4667	1543
4668	2292
4669	2293
4670	1098
4671	2294
4672	2295
4673	2296
4674	2297
4675	2298
3569	809
4676	83
4677	52
4678	736
4679	2299
4680	2300
4681	2301
4682	905
4683	177
4684	2302
4685	2303
1622	150
4686	2304
4687	1068
4688	920
4689	1341
4690	2305
4691	2306
4692	2307
4693	2308
4694	2134
4695	2309
4696	2310
4697	2311
4698	2312
4699	2313
4700	2314
4701	2315
4702	2316
4703	436
4704	2317
4705	2318
4706	2090
4048	1873
4707	2319
4708	2320
4709	235
4710	1460
4711	2321
4712	2322
4713	2323
4714	2324
3163	623
4715	2325
4716	2326
4717	2327
4718	2328
4719	941
2799	1217
4720	2329
4721	1533
4722	2330
4723	2331
4724	2332
4725	2333
4726	2334
4726	2334
3737	232
4727	2257
4728	2335
4729	2336
4730	1895
4731	2337
4732	506
4733	2338
4734	2339
4735	162
4736	2340
4737	2341
4738	2342
4739	2343
4740	2344
4741	2345
4742	2346
4743	2347
4744	2348
4745	2349
2557	1095
4746	2350
4747	120
4748	2351
4749	2352
4750	2353
4751	1322
4752	2354
4753	2203
4754	2355
4755	2356
4756	2357
4757	1606
4758	1733
4759	2358
4760	2359
4761	2360
4762	2361
4763	2362
4764	2363
4765	2364
4766	2365
4767	2366
4768	2367
4769	2368
4770	2369
4771	472
4772	2370
4773	2371
4774	2372
4775	48
4776	2373
4777	2374
4778	2375
4779	2376
4780	2377
4781	2158
4782	608
4783	2378
4784	2376
4785	855
1452	50
4786	2379
4787	387
4788	775
4789	2380
4790	2372
4791	1895
4792	2381
4793	2382
4794	1341
4795	2383
4796	2384
4797	2385
4798	1203
4799	1208
4800	2386
4801	2387
4802	2388
4803	2389
4804	2390
4805	2391
4806	2392
4807	2393
4808	422
4809	2394
4810	1733
4811	2395
4812	2396
4813	2397
4814	1877